Vertex: 3, Time Step: 1000, Iterations: [1, 10, 30, 50]

<Compressed Sparse Column sparse matrix of dtype 'float64'
	with 4090 stored elements and shape (586, 586)>
  Coords	Values
  (110, 0)	-1.2507039153138813e-11
  (109, 0)	-1.3771960735036323e-11
  (107, 0)	1.1329108379479465e-12
  (108, 0)	-3.5686265501936378e-12
  (102, 0)	-6.211080964781206e-11
  (103, 0)	7.529711204974622e-12
  (2, 0)	-3.59292266703613e-11
  (1, 0)	-5.463631846133709e-11
  (0, 0)	1.7386135917495666e-10
  (109, 1)	-1.7134473458510363e-13
  (97, 1)	-1.4227471445353856e-11
  (2, 1)	-3.891499061691178e-11
  (1, 1)	1.0795012525818783e-10
  (0, 1)	-5.463631846133709e-11
  (105, 2)	-3.985008097338215e-11
  (102, 2)	-7.3095356537401e-11
  (100, 2)	6.276644605774241e-12
  (98, 2)	-9.314200260170445e-14
  (99, 2)	-1.5121599816106306e-12
  (97, 2)	-8.108402465338788e-12
  (2, 2)	1.9122671464183314e-10
  (1, 2)	-3.891499061691179e-11
  (0, 2)	-3.59292266703613e-11
  (208, 3)	-1.1229791229358835e-12
  (201, 3)	-3.583760806358869e-11
  :	:
  (580, 582)	-3.025702437548915e-11
  (581, 582)	-5.4417689533100906e-14
  (576, 582)	-7.0160854802989e-14
  (582, 582)	6.383397560671343e-11
  (585, 583)	-4.81661540280904e-12
  (584, 583)	-2.3589806071152585e-10
  (576, 583)	1.5946760644063904e-13
  (542, 583)	-7.950755891380476e-13
  (541, 583)	-5.346254634941744e-14
  (517, 583)	-7.105007781747527e-11
  (582, 583)	-2.3804329605275897e-12
  (583, 583)	3.148342574213846e-10
  (342, 584)	-2.41807012856455e-11
  (571, 584)	-3.9275862599421357e-11
  (572, 584)	3.9321954932416866e-13
  (502, 584)	-1.3550933591252172e-09
  (517, 584)	-2.172282514710167e-09
  (583, 584)	-2.3589806071152585e-10
  (585, 584)	-1.822315581534328e-12
  (584, 584)	3.828159594464187e-09
  (342, 585)	-4.11383722092495e-12
  (541, 585)	-1.3896710137033189e-14
  (583, 585)	-4.81661540280904e-12
  (585, 585)	1.076666491540535e-11
  (584, 585)	-1.8223155815343283e-12

Itération: 1
[[ 6.00042762e-154 -1.64369047e-156 -2.50753227e-154  9.99999671e-001
   2.32639528e-007  1.92352628e-008 -3.17788178e-091  5.83720396e-101
  -8.51346075e-101  1.02870429e-101 -2.14738469e-100  1.39831922e-033
  -4.00202199e-040  6.04642827e-039  3.72298701e-016  1.10651979e-022
  -2.58530878e-024  1.94241388e-014  1.20645106e-014  1.08540847e-015
   1.09680198e-017  3.50008998e-009  7.86722457e-011 -1.06705692e-026
  -1.19402162e-017 -3.94940631e-026 -8.27579772e-033 -2.03652980e-034
   1.32573284e-105 -6.65496230e-106  3.84671637e-098  3.93102133e-089
   5.88019015e-092 -1.27876051e-082 -1.53208101e-082 -2.35915910e-083
  -7.68831260e-076 -1.90558122e-082  2.65689601e-076  2.64899831e-071
   1.01154888e-070  4.62147148e-076  3.05288015e-070  2.95076786e-068
   1.87916929e-075 -3.22820911e-083  1.14489514e-082  6.74432766e-089
   2.26022519e-090 -1.60405082e-084 -3.18099038e-090  3.93391988e-082
   1.25689918e-074  4.50709095e-048  4.44524676e-047  1.42516537e-040
   4.28630579e-046  4.53666289e-047 -1.96456564e-045  2.18050333e-061
   2.67013742e-062  1.66006886e-054 -7.74081435e-062 -2.55409710e-053
   3.55700337e-048  4.91416558e-054  1.61419459e-056 -1.24788280e-060
  -1.75406909e-054  1.44729855e-054 -1.58848302e-163  8.10962671e-166
  -9.07472809e-163  3.76958171e-165 -4.71856102e-156  3.73769805e-164
  -4.30237875e-163 -6.44465987e-163  1.54268919e-166 -3.13768253e-155
   2.39615412e-080  1.68908648e-074  1.26925452e-080  7.99421275e-074
   6.43538540e-105  3.95791990e-099  5.99978881e-100  1.01318329e-099
   2.73613672e-099  4.52731223e-100  3.17238867e-100 -3.32277677e-104
  -1.78332073e-098  1.40416781e-100  2.40796909e-106  7.51897874e-094
  -5.79623042e-108  2.96659529e-152  3.82252413e-156  3.00533522e-148
   5.41539958e-157 -1.49454682e-146 -3.91965877e-155 -3.40985289e-156
  -6.71819351e-155 -6.00419049e-147  2.35613169e-143  1.93992555e-162
   5.80960946e-154 -9.13798423e-147  5.57509163e-146 -2.02648995e-138
   9.16104741e-138 -2.81573511e-100  4.67690624e-092 -6.03832740e-090
  -2.42779936e-085  2.34251470e-086 -1.55942832e-080 -7.94020600e-075
  -1.01099733e-074  3.61538795e-054  5.92653736e-061 -3.99465101e-061
   9.06194268e-055  3.20918144e-067 -6.64933981e-054  1.79760430e-055
  -1.29554996e-061 -2.95874247e-067 -4.01697918e-073  7.41689438e-073
   5.72935975e-074  6.85916573e-068  1.91643941e-087 -4.04226127e-095
   2.01080958e-094  5.18064773e-074 -7.90792976e-084 -3.12483094e-090
  -2.19184128e-090  5.68144548e-062  3.96773880e-062  1.12036642e-067
   1.49764341e-068  3.99107135e-069  9.49211665e-075 -3.58096876e-113
  -8.34884901e-106  1.95089839e-115 -1.80521559e-113 -2.43250394e-123
   1.69292104e-121  2.28907766e-083  6.17722140e-078  2.72970127e-077
  -8.15786173e-091  1.19336510e-092 -2.40859168e-118 -1.18519267e-118
  -3.85169804e-111 -4.25403791e-102 -1.27963789e-094 -2.35351898e-102
  -5.35199927e-119  1.38960009e-126 -1.97288987e-126 -6.95387261e-124
  -1.84904866e-117 -7.79506140e-109 -3.19083715e-111 -2.58308241e-116
  -5.42437978e-117 -2.23744228e-125 -1.82032199e-125 -1.92528930e-126
  -1.03585304e-116 -2.61037520e-108 -5.18422488e-110 -4.97385959e-101
  -4.26586251e-100 -1.69520758e-101 -6.39463402e-109  4.59386401e-102
  -5.30948166e-102 -3.27743310e-091 -1.91546643e-094 -7.13851856e-085
  -2.10681612e-085 -1.45970655e-100 -1.10842873e-093 -2.15770787e-091
  -3.73758467e-082  2.99886311e-082  2.35765838e-081  1.95426742e-083
   1.75988654e-084  2.27399705e-087  6.38215364e-024  1.55557227e-016
   5.81297202e-017  7.16751923e-008  2.03728515e-014  1.07258903e-015
   9.43713402e-022  5.81289029e-022  3.00710424e-027  1.71981623e-016
   2.24596022e-009 -9.83976015e-024  1.81448612e-018 -7.79034254e-033
  -1.17271100e-030 -1.40251603e-038 -6.38999307e-040 -4.78413275e-036
  -1.36997050e-034  2.73941655e-088  8.01842244e-095  4.41107045e-102
   1.00810782e-101  1.63957557e-097  6.71805772e-090  2.73589660e-088
   6.64607392e-090  5.39333613e-096 -1.95037269e-097  7.73351692e-096
   1.54898714e-098  3.53851208e-080  4.03372812e-089  1.05424972e-079
   1.63318413e-087  5.48671114e-081  4.40197851e-074  3.81669502e-083
   2.67956263e-072 -2.10943753e-074 -1.12682283e-083 -1.30338124e-079
  -3.46609060e-073 -4.05502178e-083  2.44414648e-086 -2.53137306e-075
  -2.75035422e-083 -6.40870146e-082 -5.09828013e-074 -4.07338710e-068
  -1.32871313e-066 -4.30855825e-061  2.50192837e-067 -7.22567469e-130
  -7.42940943e-128  6.08421959e-137 -3.11158320e-080 -2.73335211e-086
  -1.04077530e-086  5.32080956e-088  2.90010095e-088 -7.32481303e-092
   1.25792692e-086  6.90771361e-081 -8.31388629e-085  1.53708080e-086
  -5.84103660e-093 -4.57905150e-099 -8.60262440e-099  4.39547414e-093
   2.35051078e-093  5.10327282e-094  1.05155684e-092 -6.64509714e-102
   5.56066437e-100 -1.70148975e-105  2.15468145e-081  5.83695618e-080
  -6.84460006e-115  3.33992667e-112  4.30330902e-119  5.05482147e-106
   1.04148243e-115 -5.91034411e-121 -1.26298495e-105 -4.50273223e-099
   5.35798860e-092  9.02921593e-100  1.05571337e-092  3.65783527e-098
   2.43178141e-085  1.31342866e-085  2.15614446e-103  4.78138478e-105
  -6.03228052e-093 -1.72166649e-085 -3.03181844e-079  3.23431447e-079
  -1.65585690e-097 -1.20991190e-101  2.30746382e-080  1.48655605e-088
   5.59983183e-081  3.03173246e-092  2.79030051e-094  3.91960584e-101
   7.29860142e-098  6.02028399e-100  6.00304802e-100 -5.07224832e-073
  -1.17923014e-073 -1.32300124e-066 -1.36465994e-074 -6.68903552e-072
  -4.69854814e-070 -9.59887359e-071 -1.40245874e-085 -6.01447651e-078
   2.84039381e-071  1.71645803e-063  1.44175227e-064  7.72679899e-071
   4.09646325e-086  2.34576523e-078 -1.89656764e-077  4.45517856e-077
  -6.56988252e-068 -6.46832695e-061 -9.73204804e-068 -8.95322190e-069
   5.23508569e-062  9.59908580e-097  1.35610400e-092  8.05481219e-112
   3.15553535e-105  1.00402736e-108  9.40774205e-116  1.68893744e-112
  -1.23972800e-094 -8.91371871e-093 -1.17747745e-104 -2.30133045e-111
  -2.79969617e-111 -5.81536700e-118  9.07074479e-112 -5.01851885e-121
   8.02919417e-115 -4.06697867e-114  5.31847600e-112  8.11905810e-121
   9.16576405e-096  1.78212510e-099  4.35422192e-092  6.33228266e-099
  -4.69910069e-104 -2.35819652e-099 -2.36130418e-106 -1.98555332e-106
   2.84136360e-100  1.34871879e-111  2.72001531e-104  1.94696126e-046
  -6.23167775e-047 -1.53964268e-041  1.15697233e-040  6.00717201e-074
  -2.61275031e-067 -5.06161973e-061 -3.31188676e-068  1.00261457e-156
   4.20666016e-148  7.08598187e-166  4.16226344e-156 -5.84133485e-156
  -2.28118431e-148 -6.45220839e-147  4.64866905e-148 -2.86035921e-140
  -7.68601131e-132 -2.39828099e-138  1.63642777e-123  6.38922660e-124
   3.09947358e-131  2.26692314e-123  2.33978732e-131  4.80681559e-115
   7.32264409e-115  1.53737178e-116  9.60869429e-108  4.17858949e-107
  -1.40429127e-097  2.60872704e-097 -3.88461526e-106  3.93380700e-092
   1.88399743e-091  3.07439005e-082  2.79323563e-089  1.21232754e-096
   1.32871020e-088  1.14903478e-096  2.20382480e-103 -6.17688743e-112
  -1.05138029e-103 -6.01705031e-146 -1.75969319e-146  1.38081325e-138
   4.19393037e-140 -1.80362921e-127 -1.42256875e-136  4.73862401e-119
   1.93968810e-122  4.50533378e-119  1.65165264e-148  6.48754328e-147
  -1.76795569e-139  2.87186501e-139  8.85834559e-132 -4.33437637e-132
  -1.83847274e-122  2.31396548e-123 -6.79742459e-118  1.01921423e-113
  -1.75629355e-110  2.76919426e-110  7.53492947e-086  1.34472117e-086
   1.61004944e-079  1.48605605e-079 -5.03607817e-074 -8.08157542e-079
   2.43637291e-086  2.75614170e-087  8.34367358e-087  1.29415858e-087
   6.54141743e-094  4.03842149e-093  7.38077029e-094  1.33253897e-094
   6.36447252e-100  5.49606985e-101  6.01176314e-113  1.19027491e-105
   2.31319604e-103 -6.86374265e-110 -1.68649406e-100 -8.53435373e-099
   7.69778933e-096  2.39546184e-087 -1.49033312e-085 -1.04128596e-093
   4.61363180e-098 -1.64520789e-093  3.19499182e-090  3.97812788e-100
   5.85401113e-109  1.54036926e-107  1.05598419e-115  3.99016372e-105
   1.01723833e-110  1.11364665e-113  3.73293698e-114 -4.69490382e-109
  -4.98790771e-101  1.41770287e-106 -1.20405282e-109  2.93765395e-111
  -1.32470053e-103 -3.23238375e-107  1.23333436e-115  9.34536050e-115
  -5.10282561e-117  4.64967279e-112  1.27051655e-100 -1.67744058e-103
  -8.51799138e-113 -3.53975685e-103 -2.11894581e-113 -2.26093696e-084
  -2.29859973e-093  3.95864211e-081  1.33356092e-079 -1.76743405e-077
  -2.00408832e-079 -7.28404763e-076  9.05737644e-093  4.10317817e-086
   4.96182661e-080 -2.10335029e-077  7.22437931e-061  4.54430657e-054
  -3.03665365e-063 -3.71878307e-062 -5.96479242e-069 -2.50855141e-069
  -8.00268335e-071  2.73417652e-074  2.01713422e-111 -8.34647571e-121
  -9.37586813e-107 -1.53376545e-098 -1.71178436e-093  2.50110251e-105
  -1.57718342e-099  9.94621718e-112  7.83082971e-105 -1.75552224e-112
   4.42946003e-081  2.85586915e-075  1.38117145e-068  1.60138250e-070
   1.19209932e-103  9.19157276e-103  5.11381921e-096  5.04581020e-069
   5.78220573e-069  9.34793238e-076  6.65650868e-076  4.94649177e-082
   4.76808236e-092  1.51383561e-098 -9.19193423e-100  5.69230839e-101
   2.27950005e-099  6.09753219e-096 -4.10717623e-114  3.53543333e-115
   1.83894403e-123  1.66904135e-119  9.44351611e-132  9.90688593e-123
  -1.42239024e-122  8.92222063e-131 -1.15412843e-122 -6.83763447e-114
  -9.47049942e-105 -9.63714356e-106 -3.81162178e-113 -1.10011357e-115
  -2.71889352e-106 -1.94502047e-114 -4.80344223e-109  1.83974824e-115
  -2.12987929e-113  2.45795319e-109  2.92281951e-098 -1.82053768e-129
  -5.10005966e-137  6.94613654e-137 -1.54720482e-129  6.89161577e-131
   6.15463263e-128 -1.32544819e-144 -2.42505202e-143  1.42759985e-135
  -3.77417543e-137 -9.96241230e-131  5.65922389e-133  1.09303130e-126
   1.84561424e-121  5.82956825e-129 -6.45407962e-129 -9.40829857e-137
   1.80560432e-121  6.13213012e-130 -3.61162517e-121 -1.85686024e-130
  -7.04530722e-121 -2.14384575e-122 -1.04547743e-120  2.23287994e-117
   2.46807931e-120  3.28967551e-121 -8.01644759e-119  1.47333943e-111
   8.03704379e-112  8.75310335e-083  2.94458108e-087  8.18097505e-090
   1.50908461e-090  1.39755870e-083 -7.32667281e-082  1.95045536e-082
   2.03269800e-092  2.78879413e-093  7.76531175e-100 -2.59160344e-100
   3.51680610e-104 -1.33736970e-108]]

Itération: 10
[[ 8.48085621e-148 -2.31939509e-150 -3.58788248e-148  9.99998188e-001
   1.27951488e-006  1.05793881e-007 -2.59665162e-086  7.63142334e-096
  -1.11302575e-095  1.34492325e-096 -2.80739035e-095  2.79940271e-031
  -2.00289184e-037  3.02613070e-036  8.19053989e-015  7.91160980e-021
  -1.84847153e-022  4.27330379e-013  2.65418887e-013  2.38790182e-014
   2.41316486e-016  1.92504577e-008  4.32696776e-010 -7.62937289e-025
  -2.62676839e-016 -2.82376186e-024 -1.65679755e-030 -4.07704753e-032
   1.73326572e-100 -8.70066046e-101  3.14323506e-093  1.95518870e-084
   2.92475640e-087 -3.75838153e-078 -4.50294664e-078 -1.17338388e-078
  -1.29128909e-071 -5.60091730e-078  4.46240604e-072  2.44704098e-067
   9.34428486e-067  7.76212939e-072  2.82012208e-066  2.72582419e-064
   3.15615430e-071 -9.48710119e-079  3.36515194e-078  3.35472964e-084
   1.12428591e-085 -4.71480139e-080 -1.58208762e-085  1.15628623e-077
   2.11106161e-070  5.15544397e-045  5.08472072e-044  7.13187691e-038
   4.90337768e-043  5.18978928e-044 -2.24747589e-042  1.06014522e-057
   1.29818995e-058  4.03551730e-051 -3.76360489e-058 -6.20904692e-050
   4.06865868e-045  1.19449588e-050  3.92366000e-053 -6.06655736e-057
  -4.26364070e-051  3.51797909e-051 -3.20175940e-157  1.63487461e-159
  -1.82914704e-156  7.60188768e-159 -6.74951597e-150  7.53640055e-158
  -8.67139600e-157 -1.29911086e-156  3.11019144e-160 -4.48863212e-149
   7.04293302e-076  2.83695842e-070  3.73069084e-076  1.34271201e-069
   1.31468172e-099  5.17478687e-094  7.84446874e-095  1.32473579e-094
   3.57734914e-094  5.91947052e-095  4.14912165e-095 -6.78805680e-099
  -2.33160010e-093  1.83596412e-095  4.91940664e-101  6.14441778e-089
  -1.18422146e-102  4.29070141e-146  5.46945888e-150  3.01014310e-142
   7.74862927e-151 -1.49693803e-140 -5.60844352e-149 -4.87899239e-150
  -9.54138930e-149 -6.01376365e-141  2.37116989e-137  3.86172711e-156
   8.20894806e-148 -9.02106321e-141  5.51084029e-140 -1.39982267e-132
   6.32815064e-132 -3.68121132e-095  3.82158087e-087 -3.79329636e-085
  -1.20752754e-080  1.16510845e-081 -4.58345389e-076 -1.33357221e-070
  -1.69800762e-070  8.78828395e-051  2.88120077e-057 -1.94212378e-057
   2.20271600e-051  2.96419172e-063 -1.61636613e-050  4.37011996e-052
  -6.29865748e-058 -2.73309949e-063 -6.74658593e-069  1.24559111e-068
   9.62221417e-070  6.33577626e-064  9.53205107e-083 -3.30290352e-090
   1.64310021e-089  8.70066837e-070 -3.97790695e-079 -2.57579477e-085
  -1.79468000e-085  2.76227975e-058  1.92916932e-058  1.03496974e-063
   1.38352990e-064  3.68696957e-065  1.59433660e-070 -7.31683057e-108
  -1.09177348e-100  3.98617496e-110 -3.61663833e-108 -7.60141331e-118
   5.29029624e-116  6.72811151e-079  1.03752887e-073  4.58469498e-073
  -4.05777757e-086  5.93636337e-088 -4.92065248e-113 -2.42130661e-113
  -5.03602564e-106 -3.47627349e-097 -6.36500931e-090 -1.92322658e-097
  -1.09337583e-113  4.34184380e-121 -6.16432113e-121 -2.17272435e-118
  -3.77748042e-112 -1.01918449e-103 -4.17193257e-106 -5.27704841e-111
  -1.10816139e-111 -6.99084571e-120 -5.68756076e-120 -6.01553027e-121
  -2.11617167e-111 -3.41299094e-103 -6.77822892e-105 -4.06448017e-096
  -3.48593562e-095 -1.38527451e-096 -8.36088823e-104  3.75384527e-097
  -4.33873981e-097 -1.63021844e-086 -9.52767250e-090 -2.09816540e-080
  -6.19239825e-081 -1.19282211e-095 -5.51340275e-089 -1.07325424e-086
  -1.09855624e-077  8.81430299e-078  6.92964456e-077  5.74519537e-079
   5.17299472e-080  1.13109636e-082  4.56326245e-022  3.42225602e-015
   1.27887975e-015  3.94213165e-007  4.48201970e-013  2.35968992e-014
   6.74753533e-020  4.15615053e-020  2.23078380e-025  3.78354737e-015
   1.23528138e-008 -7.03535814e-022  3.99181223e-017 -1.55961183e-030
  -2.34775513e-028 -7.01941577e-036 -3.19816821e-037 -9.57832979e-034
  -2.74260193e-032  1.36252342e-083  6.55203639e-090  5.76704308e-097
   1.31800196e-096  1.33972498e-092  3.34140923e-085  1.36075838e-083
   3.30560639e-085  4.40701292e-091 -1.59368171e-092  6.31918710e-091
   1.26570876e-093  1.03997807e-075  2.00628522e-084  3.09843231e-075
   8.12300167e-083  1.61254754e-076  7.39282321e-070  1.12173859e-078
   4.50010174e-068 -3.54254680e-070 -3.31166048e-079 -3.83066534e-075
  -5.82105389e-069 -2.01686154e-078  1.21566267e-081 -4.25135010e-071
  -8.08333140e-079 -1.88354264e-077 -8.56223517e-070 -3.76257772e-064
  -1.22730641e-062 -2.09460288e-057  2.31090078e-063 -3.38864076e-124
  -3.48412499e-122  4.20465515e-131 -9.14555895e-076 -1.35957601e-081
  -5.17685878e-082  2.64659947e-083  1.43899313e-083 -5.98550686e-087
   6.25691626e-082  2.03029524e-076 -4.13529184e-080  7.64537652e-082
  -4.77308606e-088 -5.98694634e-094 -1.12475735e-093  3.59179484e-088
   1.92072845e-088  4.17015894e-089  8.59284267e-088 -8.69248252e-097
   7.27029742e-095 -3.47600370e-100  6.33343195e-077  1.71565633e-075
  -2.13674967e-109  1.04356330e-106  2.01687067e-113  1.03268126e-100
   3.24307241e-110 -2.76750148e-115 -2.58014876e-100 -5.88720292e-094
   4.37808153e-087  1.18037786e-094  8.62521188e-088  4.78220493e-093
   1.20949428e-080  6.53068493e-081  4.40456225e-098  9.76743973e-100
  -4.92979668e-088 -8.56350481e-081 -8.91097150e-075  9.50460199e-075
  -1.35284803e-092 -1.57870325e-096  6.78178928e-076  7.39389116e-084
   1.64582909e-076  2.47726766e-087  2.28000727e-089  5.12495041e-096
   9.54207120e-093  7.87151277e-095  7.84896096e-095 -8.51852595e-069
  -1.98044705e-069 -1.22203338e-062 -2.29189972e-070 -1.12337345e-067
  -4.34046011e-066 -8.86748099e-067 -4.12230694e-081 -1.01019941e-073
   2.62365804e-067  8.34456877e-060  6.97001631e-061  7.11052625e-067
   1.20403395e-081  3.93962139e-074 -5.57402915e-073  7.42663987e-073
  -6.06882601e-064 -3.14474633e-057 -8.98989567e-064 -8.27050001e-065
   2.54505285e-058 -6.87958531e-093  1.10801716e-087  1.64664818e-106
   4.12874884e-100  2.05122706e-103  2.93952992e-110  3.45271425e-107
  -1.01307426e-089 -7.28395539e-088 -2.40546557e-099 -7.19037217e-106
  -8.74746801e-106 -2.72832381e-112  1.85315086e-106 -1.55820190e-115
   2.50868066e-109 -1.27066713e-108  1.66171796e-106  3.80511714e-115
   7.48996360e-091  1.45655894e-094  2.16598489e-087  8.27918811e-094
  -6.03808831e-099 -3.08324676e-094 -4.82391971e-101 -4.05611234e-101
   3.71475189e-095  4.21395632e-106  5.55668314e-099  2.22721694e-043
  -7.12860015e-044 -7.70509140e-039  5.79039492e-038  1.00883304e-069
  -2.41336020e-063 -2.46069006e-057 -3.05915831e-064  1.43451252e-150
   4.21314758e-142  1.42859329e-159  5.95524869e-150 -8.35395540e-150
  -2.28476472e-142 -6.46057514e-141  4.65554273e-142 -1.97570830e-134
  -3.60243279e-126 -1.65652582e-132  5.11329991e-118  1.99642504e-118
   1.45272328e-125  7.08335411e-118  1.09665722e-125  9.82055765e-110
   1.49605908e-109  3.14103858e-111  1.25643595e-102  5.46377768e-102
  -1.14759912e-092  2.13187622e-092 -5.07923440e-101  1.95687042e-087
   9.37161921e-087  9.03680417e-078  1.38944655e-084  9.90770180e-092
   6.60961570e-084  9.38851806e-092  2.88157013e-098 -1.26181256e-106
  -1.37453879e-098 -6.02579496e-140 -1.76239136e-140  9.53746576e-133
   2.92303595e-134 -8.46119810e-122 -9.83166531e-131  1.48154706e-113
   9.09641359e-117  1.40979177e-113  1.66826551e-142  6.50204129e-141
  -1.22115223e-133  1.98307868e-133  4.19150771e-126 -3.50087695e-126
  -8.58917905e-117  7.31180603e-118 -2.12356957e-112  2.08227958e-108
  -3.58770678e-105  5.65703558e-105  3.74765350e-081  6.68826889e-082
   4.73192151e-075  4.36749739e-075 -8.45831679e-070 -2.37530489e-074
   1.21188809e-081  1.37094547e-082  4.15030262e-082  6.43736804e-083
   5.34552933e-089  3.30012530e-088  6.03147540e-089  1.08893410e-089
   8.32169156e-095  7.18403011e-096  1.22894356e-107  1.55615350e-100
   3.02172632e-098 -1.40209819e-104 -2.20487470e-095 -1.11575716e-093
   6.29002623e-091  1.19144415e-082 -7.41233580e-081 -8.50834026e-089
   3.76986128e-093 -8.18267325e-089  1.58909158e-085  3.25071494e-095
   7.65376730e-104  2.01393998e-102  2.15725271e-110  5.21675706e-100
   2.07804033e-105  2.27496631e-108  7.62689456e-109 -6.13794527e-104
  -4.07562897e-096  1.85349036e-101 -1.57414553e-104  3.84060779e-106
  -1.08241912e-098 -4.22598517e-102  2.51946521e-110  1.90907785e-109
  -1.04236831e-111  6.07905955e-107  1.03820152e-095 -1.37064460e-098
  -1.11362230e-107 -2.89235200e-098 -2.77026225e-108 -6.64477387e-080
  -1.14324101e-088  1.16343545e-076  3.91938450e-075 -5.19450564e-073
  -5.89009148e-075 -1.22332916e-071  7.40111527e-088  2.04086062e-081
   1.45832329e-075 -3.53242515e-073  3.51214096e-057  1.10459823e-050
  -1.47618043e-059 -1.80787979e-058 -5.50963703e-065 -2.31713246e-065
  -7.39161190e-067  4.59197165e-070  4.12373930e-106 -2.60957235e-115
  -1.22360884e-101 -2.00533600e-093 -1.39880586e-088  3.27025011e-100
  -1.28887917e-094  2.03199708e-106  1.02390132e-099 -3.58654122e-107
   1.30197545e-076  4.79683229e-071  1.27579346e-064  1.47920005e-066
   1.55869816e-098  1.20181848e-097  4.17902825e-091  4.66113818e-065
   5.34149010e-065  1.57006422e-071  1.11805138e-071  1.45395895e-077
   2.37178520e-087  1.23711071e-093 -7.51196623e-095  4.65207140e-096
   1.86363333e-094  4.98292013e-091 -1.28327394e-108  1.10463457e-109
   8.61859344e-118  5.20931797e-114  6.52238820e-126  4.64306835e-117
  -6.66632806e-117  6.16234298e-125 -5.40906323e-117 -2.13639675e-108
  -1.93473370e-099 -1.96879488e-100 -1.19092888e-107 -3.43729322e-110
  -5.55447375e-101 -6.07763154e-109 -9.81833749e-104  5.74844763e-110
  -6.65474413e-108  3.21393912e-104  2.38855033e-093 -8.39719165e-124
  -3.46962730e-131  4.73493226e-131 -7.25235393e-124  3.23034487e-125
   2.88491816e-122 -1.21902593e-138 -2.39446885e-137  9.86139681e-130
  -2.25283205e-131 -4.66895957e-125  3.90906113e-127  7.54927196e-121
   5.66343863e-116  2.69517740e-123 -2.59097727e-123 -6.46437587e-131
   8.46221793e-116  4.23524971e-124 -1.12861565e-115 -8.70383579e-125
  -2.20150574e-115 -6.69941602e-117 -3.26668670e-115  1.04647209e-111
   7.71171422e-115  1.02789439e-115 -3.67558819e-113  3.01003082e-106
   1.64197385e-106  2.57286802e-078  1.46471855e-082  4.06947530e-085
   7.50666064e-086  4.10793246e-079 -2.15343358e-077  5.73308956e-078
   1.01112349e-087  1.38722799e-088  6.34585086e-095 -2.11787126e-095
   4.59829556e-099 -1.74859587e-103]]

Itération: 30
[[ 1.29405694e-141 -3.52578230e-144 -5.62913115e-142  9.99994895e-001
   3.60588978e-006  2.98145993e-007 -8.29973507e-082  4.47206462e-091
  -6.52235099e-091  7.88159222e-092 -1.64508428e-090  1.29692072e-029
  -2.16488880e-035  3.27106869e-034  6.15526214e-014  1.50928886e-019
  -3.52621214e-021  3.21144128e-012  1.99465736e-012  1.79454972e-013
   1.81386479e-015  5.42510568e-008  1.21941459e-009 -1.45541394e-023
  -1.97392401e-015 -5.38659896e-023 -7.67571188e-029 -1.88879505e-030
   1.01574914e-095 -5.09879971e-096  1.00473441e-088  3.34283117e-080
   5.00090856e-083 -3.36602405e-074 -4.03293021e-074 -2.00615747e-074
  -5.92402758e-068 -5.01672137e-074  2.04723312e-068  5.61325365e-064
   2.14347630e-063  3.56116902e-068  6.46901572e-063  6.25285643e-061
   1.44794323e-067 -8.49496087e-075  3.01426654e-074  5.73670315e-080
   1.92262554e-081 -4.22332408e-076 -2.70472256e-081  1.03572458e-073
   9.68528306e-067  1.25360153e-042  1.23641378e-041  7.70715781e-036
   1.19256793e-040  1.26223371e-041 -5.46662204e-040  1.18476893e-054
   1.45076712e-055  2.13621126e-048 -4.20621825e-055 -3.28701729e-047
   9.89324012e-043  6.32185682e-048  2.07659938e-050 -6.77831103e-054
  -2.25651618e-048  1.86188914e-048 -8.25893010e-151  4.21882682e-153
  -4.71849451e-150  1.96313414e-152 -1.05825479e-143  1.94554104e-151
  -2.23648963e-150 -3.35174070e-150  8.02694192e-154 -7.03922555e-143
   6.30855923e-072  1.30156468e-066  3.34171755e-072  6.16040389e-066
   1.38692192e-094  3.03284406e-089  4.59754333e-090  7.76465148e-090
   2.09659548e-089  3.46958985e-090  2.43351630e-090 -7.16098797e-094
  -1.36650043e-088  1.07613214e-090  5.19014049e-096  1.96441551e-084
  -1.24955655e-097  6.89202248e-140  8.58129586e-144  2.83368415e-136
   1.21572110e-144 -1.40918591e-134 -8.79935421e-143 -7.65489897e-144
  -1.47213090e-142 -5.66116202e-135  2.25573156e-131  9.68369119e-150
   1.25178772e-141 -8.21716633e-135  5.03477696e-134 -7.79909878e-127
   3.52577762e-126 -2.15719517e-090  1.22155311e-082 -9.48698022e-081
  -2.06454797e-076  1.99202039e-077 -4.10529383e-072 -6.11776877e-067
  -7.78981159e-067  4.65153048e-048  3.21930089e-054 -2.17031002e-054
   1.16579898e-048  6.79788869e-060 -8.55575400e-048  2.31364357e-049
  -7.03855402e-055 -6.26907967e-060 -3.09499486e-065  5.71323805e-065
   4.41383744e-066  1.45312946e-060  1.62978335e-078 -1.05569052e-085
   5.25233865e-085  3.99110453e-066 -6.85369388e-075 -8.28535922e-081
  -5.74516486e-081  3.08699856e-055  2.15615572e-055  2.37420859e-060
   3.17400555e-061  8.45840605e-062  7.31523104e-067 -7.72188284e-103
  -6.40129551e-096  4.20682947e-105 -3.64837482e-103 -1.41927225e-112
   9.87772173e-111  6.02637463e-075  4.76021065e-070  2.10334462e-069
  -6.93869192e-082  1.01528544e-083 -5.19139370e-108 -2.55454754e-108
  -2.95167330e-101 -1.11133729e-092 -1.08840000e-085 -6.14840936e-093
  -1.15349897e-108  8.10440049e-116 -1.15060861e-115 -4.05543059e-113
  -3.98520790e-107 -5.97348463e-099 -2.44518001e-101 -5.56720834e-106
  -1.16909459e-106 -1.30485424e-114 -1.06159347e-114 -1.12281007e-115
  -2.23252917e-106 -2.00035793e-098 -3.97273186e-100 -1.29937507e-091
  -1.11442579e-090 -4.42862217e-092 -4.90043968e-099  1.19998669e-092
  -1.38705319e-092 -2.78763123e-082 -1.62920986e-085 -1.87931849e-076
  -5.54652434e-077 -3.81331049e-091 -9.42777456e-085 -1.83521811e-082
  -9.83970621e-074  7.89492462e-074  6.20680629e-073  5.14829689e-075
   4.63404126e-076  1.93412309e-078  8.70539645e-021  2.57187227e-014
   9.61140783e-015  1.11096192e-006  3.36829295e-012  1.77333281e-013
   1.28721556e-018  7.92837647e-019  4.59777151e-024  2.84331246e-014
   3.48126791e-008 -1.34210003e-020  2.99981182e-016 -7.22547842e-029
  -1.08769455e-026 -7.58774335e-034 -3.45724581e-035 -4.43811927e-032
  -1.27055708e-030  2.32956897e-079  2.09436426e-085  3.37967285e-092
   7.72391053e-092  4.28237380e-088  5.71296209e-081  2.32649686e-079
   5.65174932e-081  1.40870177e-086 -5.09412951e-088  2.01990077e-086
   4.04582050e-089  9.31370204e-072  3.43024076e-080  2.77478349e-071
   1.38879491e-078  1.44412194e-072  3.39107300e-066  1.00459585e-074
   2.06414546e-064 -1.62484698e-066 -2.96561202e-075 -3.43060482e-071
  -2.67009613e-065 -3.44826787e-074  2.07847383e-077 -1.95016862e-067
  -7.23910137e-075 -1.68685544e-073 -3.92750108e-066 -8.62964146e-061
  -2.81476701e-059 -2.34036497e-054  5.29952130e-060 -1.10257740e-118
  -1.13360101e-116  2.34498113e-125 -8.19152412e-072 -2.32479146e-077
  -8.85217522e-078  4.52558260e-079  2.44719904e-079 -1.91343926e-082
   1.06987793e-077  1.81846461e-072 -7.07088420e-076  1.30727408e-077
  -1.52589274e-083 -3.50891375e-089 -6.59206997e-089  1.14822868e-083
   6.14013940e-084  1.33310726e-084  2.74694511e-083 -5.10015467e-092
   4.26098350e-090 -3.66709656e-095  5.67353856e-073  1.53680283e-071
  -3.98068140e-104  1.94786993e-101  6.55327827e-108  1.08950620e-095
   6.00754713e-105 -8.97381867e-110 -2.72193197e-095 -3.45050854e-089
   1.39941962e-082  6.91604216e-090  2.75615894e-083  2.80245193e-088
   2.06785795e-076  1.11581736e-076  4.64608439e-093  1.03031461e-094
  -1.57629864e-083 -1.46426632e-076 -7.98112341e-071  8.50975224e-071
  -4.32303712e-088 -9.21084328e-092  6.07373080e-072  1.26420552e-079
   1.47399762e-072  7.91839299e-083  7.28798462e-085  3.00397093e-091
   5.59178345e-088  4.61371580e-090  4.60047696e-090 -3.90746136e-065
  -9.08437549e-066 -2.80268853e-059 -1.05133689e-066 -5.15284507e-064
  -9.95719544e-063 -2.03431919e-063 -3.69273587e-077 -4.63487579e-070
   6.01744324e-064  9.32369319e-057  7.69084626e-058  1.61722281e-063
   1.07843030e-077  1.80716678e-070 -4.99185100e-069  3.34997776e-069
  -1.39203573e-060 -3.51415323e-054 -2.06209057e-060 -1.89709604e-061
   2.84371451e-055 -6.28018423e-087  3.54117271e-083  1.73978971e-101
   2.42374174e-095  2.16418455e-098  5.48709690e-105  3.64804586e-102
  -3.23875665e-085 -2.32857286e-083 -2.53764932e-094 -1.34205852e-100
  -1.63267743e-100 -8.87232611e-107  1.95519519e-101 -2.86764955e-110
   4.68239196e-104 -2.37150547e-103  3.10150396e-101  1.23628729e-109
   2.39446348e-086  4.65834580e-090  3.70440142e-083  4.85232395e-089
  -3.40107051e-094 -1.80705832e-089 -5.08904231e-096 -4.27860462e-096
   2.17689508e-090  7.86505468e-101  5.86196290e-094  5.41669999e-041
  -1.73365753e-041 -8.32743204e-037  6.25896106e-036  4.62718474e-066
  -5.53499296e-060 -2.74937282e-054 -7.01619809e-061  2.25040315e-144
   3.96566334e-136  3.68698475e-153  9.34234489e-144 -1.30925785e-143
  -2.15068607e-136 -6.07776410e-135  4.38145393e-136 -1.10061683e-128
  -1.17062946e-120 -9.22789000e-127  9.54536523e-113  3.72687597e-113
   4.72070279e-120  1.32228533e-112  3.56363886e-120  1.03619149e-104
   1.57854644e-104  3.31445393e-106  7.36563525e-098  3.20283622e-097
  -3.66916771e-088  6.81616467e-088 -2.97722000e-096  3.34683209e-083
   1.60270593e-082  8.09523546e-074  2.37618872e-080  3.16806867e-087
   1.13042363e-079  3.00068723e-087  1.68906380e-093 -1.33100523e-101
  -8.05474350e-094 -5.67071620e-134 -1.65883422e-134  5.31296528e-127
   1.66076728e-128 -2.75497075e-116 -5.48400995e-125  2.76937123e-108
   2.95960771e-111  2.64010377e-108  1.59967426e-136  6.12949793e-135
  -6.80259546e-128  1.10400891e-127  1.39063266e-120 -2.18807312e-120
  -2.77107017e-111  1.39870340e-112 -3.96255547e-107  2.19700749e-103
  -3.78433897e-100  5.96756110e-100  6.40734978e-077  1.14349823e-077
   4.23764111e-071  3.91126630e-071 -3.88039017e-066 -2.12746094e-070
   2.07236920e-077  2.34436125e-078  7.09729084e-078  1.10082325e-078
   1.70897853e-084  1.05505760e-083  1.92830691e-084  3.48139870e-085
   4.87777723e-090  4.20806294e-091  1.29835570e-102  9.11937150e-096
   1.76750664e-093 -1.47892516e-099 -1.29206074e-090 -6.53835613e-089
   2.01060288e-086  2.03705154e-078 -1.26722927e-076 -2.71952416e-084
   1.20500912e-088 -1.39894713e-084  2.71684948e-081  1.03916187e-090
   4.48564102e-099  1.18030899e-097  2.27576258e-105  3.05719839e-095
   2.19206005e-100  2.39974571e-103  8.04808348e-104 -3.59679622e-099
  -1.30270419e-091  1.08618227e-096 -9.22453381e-100  2.25060600e-101
  -3.45979194e-094 -2.47651075e-097  2.65765483e-105  2.01378893e-104
  -1.09944497e-106  3.56261215e-102  3.31885757e-091 -4.38106119e-094
  -6.52590196e-103 -9.24497221e-094 -1.62339498e-103 -5.95048350e-076
  -1.95453712e-084  1.04189487e-072  3.51009915e-071 -4.65196922e-069
  -5.27501787e-071 -5.61162002e-068  2.36586245e-083  3.48947950e-077
   1.30608475e-071 -1.62030763e-069  3.92425795e-054  5.84612979e-048
  -1.64916671e-056 -2.01998978e-055 -1.26364622e-061 -5.31439490e-062
  -1.69507156e-063  2.10643851e-066  4.35724061e-101 -4.87799933e-110
  -7.14215708e-097 -1.17530569e-088 -4.47177636e-084  1.91686681e-095
  -4.12081268e-090  2.14386254e-101  6.00165402e-095 -3.78407100e-102
   1.16629590e-072  2.20090335e-067  2.92613442e-061  3.39264737e-063
   9.13636046e-094  7.04447922e-093  1.33612110e-086  1.06922413e-061
   1.22533991e-061  7.20330671e-068  5.12986626e-068  1.30246010e-073
   4.05609872e-083  3.95529511e-089 -2.40193602e-090  1.48757591e-091
   5.96423791e-090  1.59314092e-086 -2.39523194e-103  2.06180079e-104
   2.80027055e-112  9.70018545e-109  3.63291126e-120  1.50858138e-111
  -2.16595961e-111  3.43236914e-119 -1.75746114e-111 -3.98758620e-103
  -2.04106852e-094 -2.07704241e-095 -2.22286970e-102 -6.41581007e-105
  -5.85982505e-096 -1.13458870e-103 -1.03705243e-098  1.07303690e-104
  -1.24211252e-102  1.88400032e-099  7.63678194e-089 -2.63075956e-118
  -1.86713370e-125  2.55985073e-125 -2.35712433e-118  1.04989324e-119
   9.37642734e-117 -9.20591252e-133 -2.18203509e-131  5.49435928e-124
  -8.16782584e-126 -1.51687955e-119  2.17778702e-121  4.20480294e-115
   1.01430649e-110  8.48995486e-118 -5.28583031e-118 -3.55889551e-125
   2.74937441e-110  2.35893232e-118 -2.10728417e-110 -2.82888197e-119
  -4.11003021e-110 -1.25087529e-111 -6.09778330e-110  3.39999900e-106
   1.43949848e-109  1.91875586e-110 -1.17168833e-107  3.17578698e-101
   1.73240965e-101  2.30478871e-074  2.50487033e-078  6.95945857e-081
   1.28375892e-081  3.67986577e-075 -1.92875344e-073  5.13565976e-074
   1.72916632e-083  2.37235961e-084  2.02890944e-090 -6.77130626e-091
   2.69529054e-094 -1.02488432e-098]]

Itération: 50
[[ 4.32040090e-138 -1.17243197e-140 -1.93393457e-138  9.99991601e-001
   5.93224429e-006  4.90497589e-007 -2.37484365e-079  1.86130141e-088
  -2.71462119e-088  3.28047351e-089 -6.84667345e-088  8.84384022e-029
  -2.31958856e-034  3.50500722e-033  1.64552575e-013  6.48030315e-019
  -1.51397797e-020  8.58539556e-012  5.33247577e-012  4.79754029e-013
   4.85005787e-015  8.92513551e-008  2.00612775e-009 -6.24884375e-023
  -5.27670948e-015 -2.31268597e-022 -5.23416362e-028 -1.28796277e-029
   4.22779474e-093 -2.12221704e-093  2.87505360e-086  6.52873413e-078
   9.76780317e-081 -4.45355334e-072 -5.33602238e-072 -3.91812867e-072
  -5.26868505e-066 -6.63825288e-072  1.82077838e-066  3.32826888e-062
   1.27092995e-061  3.16734863e-066  3.83564863e-061  3.70757022e-059
   1.28776441e-065 -1.12373053e-072  3.98870226e-072  1.12061391e-077
   3.75578310e-079 -5.58879788e-074 -5.28206410e-079  1.37055416e-071
   8.61420696e-065  2.08907106e-041  2.06044407e-040  8.25623234e-035
   1.98779314e-039  2.10392426e-040 -9.11262147e-039  4.64361136e-053
   5.68605530e-054  5.48541885e-047 -1.64866908e-053 -8.44111156e-046
   1.64864099e-041  1.62302513e-046  5.33131887e-049 -2.65616211e-052
  -5.79317830e-047  4.78007792e-047 -3.94762807e-147  2.01732698e-149
  -2.25546263e-146  9.39410600e-149 -3.63333560e-140  9.30666373e-148
  -1.06886302e-146 -1.60240379e-146  3.83875523e-150 -2.41731592e-139
   8.34794930e-070  1.15763090e-064  4.42204553e-070  5.47932513e-064
   8.33907453e-092  1.26244890e-086  1.91378983e-087  3.23236786e-087
   8.72718294e-087  1.44437357e-087  1.01372036e-087 -4.30561188e-091
  -5.68815730e-086  4.47994962e-088  3.12090076e-093  5.62219913e-082
  -7.51472942e-095  2.42282555e-136  2.94821077e-140  6.95398172e-133
   4.17676615e-141 -3.45820368e-131 -3.02312712e-139 -2.62994033e-140
  -4.97231035e-139 -1.38925754e-131  5.59344946e-128  4.49582870e-146
   4.17652498e-138 -1.94906017e-131  1.19802625e-130 -1.35918521e-123
   6.14462770e-123 -8.97830265e-088  3.49544042e-080 -2.43907511e-078
  -4.03219647e-074  3.89054086e-075 -5.43211077e-070 -5.44077984e-065
  -6.92796758e-065  1.19428578e-046  1.26154724e-052 -8.50590558e-053
   2.99301868e-047  4.02969427e-058 -2.19683502e-046  5.94182899e-048
  -2.75849890e-053 -3.71691344e-058 -2.75250036e-063  5.08019868e-063
   3.92508637e-064  8.61467873e-059  3.18318713e-076 -3.02063108e-083
   1.50300920e-082  3.54915655e-064 -1.34220782e-072 -2.37626706e-078
  -1.64485830e-078  1.20992683e-053  8.45169477e-054  1.40779818e-058
   1.88216251e-059  5.01577230e-060  6.50680288e-065 -4.64468803e-100
  -2.66567888e-093  2.53038513e-102 -2.09322227e-100 -1.22481962e-109
   8.52449149e-108  7.97429067e-073  4.23393051e-068  1.87069074e-067
  -1.35536340e-079  1.98355663e-081 -3.12161755e-105 -1.53607580e-105
  -1.22872518e-098 -3.18051972e-090 -2.12601735e-083 -1.75960566e-090
  -6.93584549e-106  6.99203621e-113 -9.92672661e-113 -3.49868940e-110
  -2.39626144e-104 -2.48661651e-096 -1.01786577e-098 -3.34748257e-103
  -7.02960212e-104 -1.12571994e-111 -9.15854541e-112 -9.68667554e-113
  -1.34238733e-103 -8.32695864e-096 -1.65374442e-097 -3.71864147e-089
  -3.18935747e-088 -1.26742326e-089 -2.03997007e-096  3.43397197e-090
  -3.96956464e-090 -5.44519731e-080 -3.18240919e-083 -2.48676097e-074
  -7.33932226e-075 -1.09131195e-088 -1.84156665e-082 -3.58477202e-080
  -1.30201192e-071  1.04467449e-071  8.21293556e-071  6.81546143e-073
   6.13268624e-074  3.77796032e-076  3.73780904e-020  6.87559685e-014
   2.56961705e-014  1.82770750e-006  9.00471680e-012  4.74077855e-013
   5.52678844e-018  3.40402475e-018  2.12099852e-023  7.60105906e-014
   5.72728074e-008 -5.76234173e-020  8.01940276e-016 -4.92715365e-028
  -7.41720899e-026 -8.13058079e-033 -3.70472934e-034 -3.02682665e-031
  -8.66373169e-030  4.54983810e-077  5.99305669e-083  1.40670244e-089
   3.21487823e-089  1.22538833e-085  1.11578827e-078  4.54373191e-077
   1.10383311e-078  4.03101156e-084 -1.45766802e-085  5.77988377e-084
   1.15770973e-086  1.23223483e-069  6.69954495e-078  3.67104049e-069
   2.71236708e-076  1.91059301e-070  3.01547354e-064  1.32911966e-072
   1.83548073e-062 -1.44477728e-064 -3.92333906e-073 -4.53879072e-069
  -2.37434455e-063 -6.73464457e-072  4.05942776e-075 -1.73423929e-065
  -9.57749456e-073 -2.23178966e-071 -3.49250504e-064 -5.11599753e-059
  -1.66863829e-057 -9.17105678e-053  3.14139308e-058 -1.35790931e-115
  -1.39606260e-113  4.09082657e-122 -1.08390736e-069 -4.54101869e-075
  -1.72910937e-075  8.83994474e-077  4.75396259e-077 -5.47581397e-080
   2.08976233e-075  2.40615444e-070 -1.38111572e-073  2.55342556e-075
  -4.36685731e-081 -1.46064991e-086 -2.74404289e-086  3.28598448e-081
   1.75715773e-081  3.81502891e-082  7.86110066e-081 -2.12534028e-089
   1.77367337e-087 -2.20495087e-092  7.50830487e-071  2.03366304e-069
  -3.42764359e-101  1.68049483e-098  8.05968550e-105  6.55130125e-093
   5.14338042e-102 -1.10139688e-106 -1.63660640e-092 -1.43636009e-086
   4.00435259e-080  2.87806292e-087  7.88422327e-081  1.16641815e-085
   4.03855823e-074  2.17778999e-074  2.79322475e-090  6.19431686e-092
  -4.51199110e-081 -2.86007475e-074 -1.05602936e-068  1.12557080e-068
  -1.23665647e-085 -3.81677023e-089  8.03599711e-070  2.46917052e-077
   1.95021196e-070  2.26579916e-080  2.08544581e-082  1.25056964e-088
   2.32736309e-085  1.92065601e-087  1.91513621e-087 -3.47469349e-063
  -8.07827225e-064 -1.66148684e-057 -9.34931441e-065 -4.58206853e-062
  -5.90430255e-061 -1.20633584e-061 -4.88694332e-075 -4.12249999e-068
   3.56736111e-062  3.65364163e-055  2.97576854e-056  9.50686512e-062
   1.42696833e-075  1.60706629e-068 -6.60430278e-067  2.92858769e-067
  -8.25327640e-059 -1.37724017e-052 -1.22261897e-058 -1.12480485e-059
   1.11436916e-053 -3.53123780e-084  1.01313652e-080  1.04767425e-098
   1.01055354e-092  1.30139550e-095  4.73416563e-102  2.19681511e-099
  -9.26905817e-083 -6.66396395e-081 -1.52580321e-091 -1.15778418e-097
  -1.40849234e-097 -1.09150828e-103  1.17571853e-098 -2.43878908e-107
   4.03948708e-101 -2.04574991e-100  2.67561389e-098  1.52037144e-106
   6.85262527e-084  1.33369207e-087  7.23718093e-081  2.01984453e-086
  -1.35839123e-091 -7.52215314e-087 -3.05989488e-093 -2.57234247e-093
   9.06048183e-088  6.78499510e-098  3.52456037e-091  9.02832786e-040
  -2.88949960e-040 -8.92157881e-036  6.70646381e-035  4.11439464e-064
  -3.28127251e-058 -1.07736845e-052 -4.15941289e-059  7.73061280e-141
   9.73068329e-133  1.76323980e-149  3.20929398e-140 -4.49319936e-140
  -5.27753216e-133 -1.49050993e-131  1.07494069e-132 -1.91784219e-125
  -1.43986555e-117 -1.60794061e-123  8.23606768e-110  3.21568092e-110
   5.80643205e-117  1.14089969e-109  4.38324146e-117  6.23129515e-102
   9.49293335e-102  1.99335727e-103  3.06680505e-095  1.33346787e-094
  -1.05018345e-085  1.95091530e-085 -1.23945201e-093  6.53874731e-081
   3.13099108e-080  1.07131476e-071  4.64203909e-078  9.06852154e-085
   2.20848786e-077  8.58548101e-085  7.03184080e-091 -8.00201058e-099
  -3.35237450e-091 -1.39116884e-130 -4.07025800e-131  9.25772673e-124
   2.95035625e-125 -3.39527423e-113 -9.56821868e-122  2.39266631e-105
   3.64482139e-108  2.28511508e-105  3.99726873e-133  1.50631869e-131
  -1.18533984e-124  1.92251019e-124  1.74559217e-117 -3.96535798e-117
  -3.38376688e-108  1.23594948e-109 -3.41759842e-104  1.32116934e-100
  -2.27508462e-097  3.58789233e-097  1.25137133e-074  2.23329471e-075
   5.60639629e-069  5.17457983e-069 -3.45110695e-064 -2.81498976e-068
   4.04818656e-075  4.57949580e-076  1.38641810e-075  2.15038204e-076
   4.89105728e-082  3.01954957e-081  5.51885533e-082  9.96382714e-083
   2.03066563e-087  1.75066220e-088  7.81787697e-100  3.79562671e-093
   7.34296776e-091 -8.89095502e-097 -5.37759458e-088 -2.72128215e-086
   5.75334470e-084  3.97849780e-076 -2.47482261e-074 -7.78146273e-082
   3.44806579e-086 -2.73209733e-082  5.30604590e-079  2.97377267e-088
   1.86715292e-096  4.91304813e-095  1.36831891e-102  1.27248522e-092
   1.31790885e-097  1.44274617e-100  4.84029250e-101 -1.49697575e-096
  -3.72749634e-089  4.52086148e-094 -3.83928265e-097  9.36709875e-099
  -9.89976215e-092 -1.03076242e-094  1.59780301e-102  1.21070605e-101
  -6.60937266e-104  1.48288273e-099  9.49764248e-089 -1.25358570e-091
  -2.71612206e-100 -2.64533284e-091 -6.75668429e-101 -7.87222116e-074
  -3.81714646e-082  1.37841025e-070  4.64401787e-069 -6.15463677e-067
  -6.97909024e-069 -4.99027810e-066  6.77020882e-081  6.81548446e-075
   1.72807224e-069 -1.44083268e-067  1.53779008e-052  1.50090483e-046
  -6.46165204e-055 -7.91557914e-054 -7.49131944e-060 -3.15055515e-060
  -1.00477128e-061  1.87322498e-064  2.62400940e-098 -4.21453188e-107
  -2.96083728e-094 -4.89238520e-086 -1.27974359e-081  7.98011261e-093
  -1.17943440e-087  1.28915565e-098  2.49856081e-092 -2.27550178e-099
   1.54343268e-070  1.95766771e-065  1.73475632e-059  2.01131842e-061
   3.80356238e-091  2.93268233e-090  3.82416472e-084  6.33980412e-060
   7.26575986e-060  6.40675290e-066  4.56290991e-066  1.72365243e-071
   7.92374437e-081  1.13206006e-086 -6.87526578e-088  4.25825971e-089
   1.70871363e-087  4.55978861e-084 -2.06638788e-100  1.77873334e-101
   3.44383644e-109  8.34858414e-106  6.32945520e-117  1.85528799e-108
  -2.66374687e-108  5.98005952e-116 -2.16136608e-108 -3.44012590e-100
  -1.22723697e-091 -1.24889151e-092 -1.91768936e-099 -5.53506201e-102
  -3.52339096e-093 -9.78990800e-101 -6.24305706e-096  9.25794947e-102
  -1.07158548e-099  7.84387046e-097  2.18578094e-086 -3.11536184e-115
  -3.13904298e-122  4.32494235e-122 -2.89977215e-115  1.29157473e-116
   1.15350415e-113 -1.70247871e-129 -5.17804646e-128  9.57542644e-121
  -6.59911177e-123 -1.86532137e-116  3.79508680e-118  7.32566549e-112
   8.38147209e-108  1.01128003e-114 -2.64827809e-115 -6.12783049e-122
   3.38113485e-107  4.10974935e-115 -1.81859101e-107 -3.48014100e-116
  -3.54654656e-107 -1.07950828e-108 -5.26103495e-107  4.18127619e-103
   1.24194814e-106  1.65549134e-107 -1.42977513e-104  1.90970480e-098
   1.04176414e-098  3.05012554e-072  4.89333663e-076  1.35956904e-078
   2.50789264e-079  4.86982829e-073 -2.55208383e-071  6.79636585e-072
   3.37798811e-081  4.63449030e-082  5.80705205e-088 -1.93805282e-088
   1.12207118e-091 -4.26644708e-096]]

