Vertex: 3, Time Step: 1000, Iterations: [1, 10, 30, 50]

<Compressed Sparse Column sparse matrix of dtype 'float64'
	with 16 stored elements and shape (4, 4)>
  Coords	Values
  (3, 0)	-8408.272157638678
  (1, 0)	-8408.272157638678
  (0, 0)	25224.81693546671
  (2, 0)	-8408.272620189357
  (0, 1)	-8408.272157638678
  (2, 1)	-8408.272157639807
  (3, 1)	-8408.272620189859
  (1, 1)	25224.816935468345
  (3, 2)	-8408.272157639807
  (1, 2)	-8408.272157639809
  (0, 2)	-8408.272620189357
  (2, 2)	25224.816935468967
  (2, 3)	-8408.272157639807
  (0, 3)	-8408.272157638678
  (3, 3)	25224.816935468345
  (1, 3)	-8408.272620189859

Itération: 1
[[0.25 0.25 0.25 0.25]]

Itération: 10
[[0.25 0.25 0.25 0.25]]

Itération: 30
[[0.25000001 0.25000001 0.25000001 0.25000001]]

Itération: 50
[[0.25000001 0.25000001 0.25000001 0.25000001]]

