Vertex: 3, Time Step: 1e-07, Iterations: [1, 10, 30, 50]

<Compressed Sparse Column sparse matrix of dtype 'float64'
	with 2016 stored elements and shape (288, 288)>
  Coords	Values
  (287, 0)	-61927.548218665295
  (277, 0)	-13501533.463092385
  (23, 0)	-43436204.666394494
  (3, 0)	-43435088.708646074
  (2, 0)	-13501711.949601753
  (1, 0)	-62174.803810633195
  (0, 0)	113998641.13976401
  (26, 1)	-369090.4007992314
  (24, 1)	-12123428.340669334
  (4, 1)	-30270171.490351774
  (3, 1)	-12123553.78848024
  (2, 1)	-43435863.103956416
  (1, 1)	98384281.92806761
  (0, 1)	-62174.80381063296
  (25, 2)	-13501586.645645123
  (24, 2)	-62302.699385569664
  (22, 2)	-43435690.65793821
  (23, 2)	-62053.7393707562
  (2, 2)	113999208.79589783
  (1, 2)	-43435863.103956416
  (0, 2)	-13501711.949601753
  (276, 3)	-12123684.687043311
  (277, 3)	-62235.68770000647
  (5, 3)	-30272154.77735348
  (4, 3)	-368822.33392656903
  :	:
  (272, 284)	-2868583.656369066
  (283, 284)	-2143106.096375344
  (284, 284)	14127904.978547223
  (271, 284)	-74233.31994234392
  (21, 285)	-447829.30526078143
  (19, 285)	-5311349.4868034
  (286, 285)	-15179128.977813777
  (273, 285)	-5311178.866791621
  (284, 285)	-5921041.423506331
  (285, 285)	32422837.85234391
  (272, 285)	-252309.7921679963
  (23, 286)	-368995.83204165427
  (21, 286)	-8810780.368346065
  (287, 286)	-30271858.858192332
  (274, 286)	-8811050.856891066
  (285, 286)	-15179128.977813778
  (286, 286)	63889810.93746011
  (273, 286)	-447996.0441752146
  (0, 287)	-61927.54821866553
  (23, 287)	-12123798.816112554
  (277, 287)	-43434111.22886479
  (275, 287)	-12123691.428569514
  (286, 287)	-30271858.85819233
  (287, 287)	98384208.66071886
  (274, 287)	-368820.78076099744

Itération: 1
[[4.04961111e-02 2.97446886e-02 2.70721595e-02 4.94540067e-02
  2.82534887e-02 4.42000422e-02 2.18472619e-02 3.16192680e-02
  1.11261028e-02 1.50326571e-02 2.69690303e-03 3.47569111e-03
  4.34807054e-04 5.42899833e-04 1.19996656e-03 1.49573436e-03
  5.31663013e-03 6.68568419e-03 1.19427075e-02 1.52417499e-02
  1.81453899e-02 2.38550749e-02 2.31172947e-02 3.19746222e-02
  1.53123047e-02 1.46768079e-02 1.45269981e-02 1.15179942e-02
  6.08610733e-03 1.52739541e-03 2.59576470e-04 7.50381747e-04
  3.29142057e-03 7.27082320e-03 1.07484919e-02 1.31686740e-02
  7.33828186e-03 7.23836355e-03 6.85065134e-03 5.40994851e-03
  2.87887797e-03 7.32557413e-04 1.30758094e-04 4.01458779e-04
  1.75300027e-03 3.83645759e-03 5.57938583e-03 6.67893664e-03
  3.36501179e-03 3.37858138e-03 3.08951395e-03 2.40454016e-03
  1.26701362e-03 3.21715682e-04 5.96815525e-05 1.94515780e-04
  8.50370149e-04 1.85656035e-03 2.67954002e-03 3.16759716e-03
  1.49678195e-03 1.52034081e-03 1.35543502e-03 1.03793176e-03
  5.37866828e-04 1.35025876e-04 2.57337484e-05 8.84078440e-05
  3.88488658e-04 8.50266076e-04 1.22463099e-03 1.43866390e-03
  6.51076609e-04 6.66476004e-04 5.83363946e-04 4.40256003e-04
  2.24121126e-04 5.54093014e-05 1.07386510e-05 3.85278634e-05
  1.70585257e-04 3.75335311e-04 5.41210873e-04 6.34096291e-04
  2.78405182e-04 2.86498616e-04 2.47468624e-04 1.84531984e-04
  9.24236046e-05 2.24916428e-05 4.39763501e-06 1.63268734e-05
  7.29223995e-05 1.61514805e-04 2.33539513e-04 2.73439926e-04
  1.17498887e-04 1.21354538e-04 1.03818960e-04 7.66753611e-05
  3.78709207e-05 9.08181255e-06 1.78161929e-06 6.79176489e-06
  3.06083057e-05 6.82739794e-05 9.90598483e-05 1.16029304e-04
  4.91982460e-05 5.09423139e-05 4.32697140e-05 3.17070047e-05
  1.54753727e-05 3.66260400e-06 7.18669819e-07 2.79795500e-06
  1.27183597e-05 2.85608306e-05 4.15871206e-05 4.87534441e-05
  2.07958831e-05 2.15743876e-05 1.82149674e-05 1.32474591e-05
  6.39171840e-06 1.49381611e-06 2.93507890e-07 1.16745796e-06
  5.34487932e-06 1.20625603e-05 1.76080253e-05 2.06578128e-05
  9.67342408e-06 1.00532649e-05 8.42394287e-06 6.05410394e-06
  2.87030971e-06 6.59631657e-07 1.32126272e-07 5.48575677e-07
  2.51199413e-06 5.64879880e-06 8.22004100e-06 9.63057626e-06
  6.76610358e-06 7.04407671e-06 5.83157685e-06 4.09329845e-06
  1.87582391e-06 4.19025028e-07 9.06950079e-08 4.14612241e-07
  1.86051631e-06 4.07036785e-06 5.81134504e-06 6.75487792e-06
  9.67351342e-06 1.00740900e-05 8.27807641e-06 5.70539821e-06
  2.54543748e-06 5.57406137e-07 1.31907414e-07 6.49890012e-07
  2.83999649e-06 6.01578404e-06 8.39878902e-06 9.67040984e-06
  2.07960203e-05 2.16328414e-05 1.78028315e-05 1.22567376e-05
  5.46109775e-06 1.19830062e-06 2.92275005e-07 1.45610260e-06
  6.27439941e-06 1.30975171e-05 1.81106035e-05 2.07696791e-05
  4.91983059e-05 5.10849587e-05 4.22564393e-05 2.92508449e-05
  1.31416451e-05 2.91191388e-06 7.12937546e-07 3.51300127e-06
  1.50062066e-05 3.10932412e-05 4.28126212e-05 4.90263681e-05
  1.17499981e-04 1.21691512e-04 1.01399837e-04 7.07514427e-05
  3.21573381e-05 7.21472683e-06 1.75773750e-06 8.50253998e-06
  3.60461018e-05 7.42558439e-05 1.01948670e-04 1.16671845e-04
  2.78405926e-04 2.87276862e-04 2.41783803e-04 1.70424414e-04
  7.85722145e-05 1.78832051e-05 4.30578369e-06 2.03140449e-05
  8.55326521e-05 1.75316350e-04 2.40191871e-04 2.74919707e-04
  6.51074583e-04 6.68235292e-04 5.70224971e-04 4.07089811e-04
  1.90903645e-04 4.41547300e-05 1.04104673e-05 4.75032388e-05
  1.98912490e-04 4.06240962e-04 5.56106513e-04 6.37425247e-04
  1.49678711e-03 1.52420569e-03 1.32569333e-03 9.61424234e-04
  4.59704145e-04 1.08123235e-04 2.46542923e-05 1.07591199e-04
  4.49177208e-04 9.16602526e-04 1.25677248e-03 1.44589968e-03
  3.36498658e-03 3.38672086e-03 3.02417306e-03 2.23349225e-03
  1.08987026e-03 2.60291553e-04 5.64985464e-05 2.32352744e-04
  9.71200522e-04 1.98988565e-03 2.74490455e-03 3.18255381e-03
  7.33829795e-03 7.25449303e-03 6.71433889e-03 5.05041623e-03
  2.50709268e-03 6.04815487e-04 1.22735954e-04 4.66973836e-04
  1.96649044e-03 4.07689636e-03 5.70036551e-03 6.70749905e-03
  1.53123074e-02 1.47051269e-02 1.42705720e-02 1.08574639e-02
  5.42645988e-03 1.30820493e-03 2.43952954e-04 8.41081789e-04
  3.59633992e-03 7.62749207e-03 1.09364802e-02 1.32156510e-02
  2.97448178e-02 2.71091331e-02 2.78917189e-02 2.10031909e-02
  1.03538771e-02 2.45671850e-03 4.16553500e-04 1.27895976e-03
  5.59391679e-03 1.22857739e-02 1.83400785e-02 2.31708263e-02]]

Itération: 10
[[9.00428552e-03 8.78841643e-03 8.73531950e-03 9.06308298e-03
  8.88482059e-03 9.16951751e-03 9.01788816e-03 9.32205481e-03
  8.93978447e-03 9.28391095e-03 7.42578470e-03 7.79655401e-03
  4.92641364e-03 5.24386997e-03 6.32913535e-03 6.71716391e-03
  8.10455290e-03 8.48095792e-03 8.58807588e-03 8.90639398e-03
  8.68058415e-03 8.96379518e-03 8.70668710e-03 8.97639394e-03
  8.02276155e-03 7.98491522e-03 8.08337429e-03 8.13938781e-03
  7.91666479e-03 6.33754767e-03 4.09892621e-03 5.40997356e-03
  7.17503971e-03 7.75285669e-03 7.90538064e-03 7.95523116e-03
  6.91634898e-03 6.89701059e-03 6.93226576e-03 6.89469851e-03
  6.51608248e-03 4.94149327e-03 3.08690172e-03 4.25378690e-03
  5.92827329e-03 6.58106102e-03 6.79227354e-03 6.86659486e-03
  5.65514533e-03 5.65190261e-03 5.63281109e-03 5.52039519e-03
  5.04415906e-03 3.59175479e-03 2.15270542e-03 3.12418117e-03
  4.61210504e-03 5.28305460e-03 5.53049419e-03 5.62177194e-03
  4.40702071e-03 4.41463866e-03 4.36049920e-03 4.20735541e-03
  3.71112825e-03 2.47468554e-03 1.41713222e-03 2.17280084e-03
  3.40788211e-03 4.03555015e-03 4.28922595e-03 4.38621302e-03
  3.29045256e-03 3.30351871e-03 3.23406348e-03 3.07227387e-03
  2.61728538e-03 1.63643108e-03 8.93601701e-04 1.44687746e-03
  2.41038423e-03 2.95135537e-03 3.18580006e-03 3.27811543e-03
  2.36794639e-03 2.38240000e-03 2.31223113e-03 2.16350159e-03
  1.78251509e-03 1.04825509e-03 5.45696684e-04 9.31054181e-04
  1.64430606e-03 2.08022559e-03 2.28008917e-03 2.36086611e-03
  1.65636116e-03 1.66982979e-03 1.60705328e-03 1.48153483e-03
  1.18204088e-03 6.56007182e-04 3.25847958e-04 5.84569583e-04
  1.09181717e-03 1.42561889e-03 1.58601673e-03 1.65236199e-03
  1.14347115e-03 1.15501776e-03 1.10223676e-03 1.00100398e-03
  7.73694306e-04 4.06140669e-04 1.92849487e-04 3.63709356e-04
  7.16930977e-04 9.64919555e-04 1.08889755e-03 1.14123885e-03
  8.04138879e-04 8.13814771e-04 7.69864261e-04 6.88175727e-04
  5.14904028e-04 2.55904532e-04 1.16691845e-04 2.32277761e-04
  4.81881531e-04 6.66742920e-04 7.61997844e-04 8.02935567e-04
  6.12740183e-04 6.21169613e-04 5.82649392e-04 5.12560384e-04
  3.71512435e-04 1.75524464e-04 7.80210050e-05 1.64873651e-04
  3.56202802e-04 5.02450665e-04 5.78902678e-04 6.12161160e-04
  5.51103971e-04 5.59198232e-04 5.21556201e-04 4.53530701e-04
  3.21709597e-04 1.47554663e-04 6.62483861e-05 1.47070846e-04
  3.21026040e-04 4.52971759e-04 5.21194825e-04 5.50930028e-04
  6.12741643e-04 6.21506477e-04 5.79737912e-04 5.03532265e-04
  3.57378650e-04 1.65655452e-04 7.80102403e-05 1.74806396e-04
  3.70660464e-04 5.12019564e-04 5.82451382e-04 6.12827441e-04
  8.04139711e-04 8.14512234e-04 7.63745723e-04 6.69048669e-04
  4.84469570e-04 2.34069596e-04 1.16609879e-04 2.54107565e-04
  5.12914043e-04 6.86973002e-04 7.69435040e-04 8.04318066e-04
  1.14346915e-03 1.15611985e-03 1.09237915e-03 9.69791895e-04
  7.22775682e-04 3.68027723e-04 1.92504125e-04 4.01347611e-04
  7.68548335e-04 9.97804365e-04 1.10082991e-03 1.14342784e-03
  1.65636337e-03 1.67138057e-03 1.59282403e-03 1.43575165e-03
  1.10481206e-03 5.94913290e-04 3.24748856e-04 6.43706345e-04
  1.16932602e-03 1.47355898e-03 1.60314380e-03 1.65543913e-03
  2.36794100e-03 2.38440545e-03 2.29314551e-03 2.10085883e-03
  1.67253913e-03 9.55206589e-04 5.42737567e-04 1.01842892e-03
  1.75309696e-03 2.14526282e-03 2.30286966e-03 2.36485172e-03
  3.29043866e-03 3.30592690e-03 3.21012002e-03 2.99182124e-03
  2.46937191e-03 1.50125689e-03 8.86606705e-04 1.56846506e-03
  2.55369387e-03 3.03383782e-03 3.21404864e-03 3.28290747e-03
  4.40701550e-03 4.41731495e-03 4.33256742e-03 4.11105793e-03
  3.52470529e-03 2.28897163e-03 1.40254666e-03 2.33043740e-03
  3.58348597e-03 4.13271227e-03 4.32175016e-03 4.39153026e-03
  5.65511761e-03 5.65459702e-03 5.60296021e-03 5.41465711e-03
  4.82791730e-03 3.35564552e-03 2.12637064e-03 3.31058263e-03
  4.80868433e-03 5.38759732e-03 5.56462307e-03 5.62712012e-03
  6.91633473e-03 6.89943366e-03 6.90392740e-03 6.79145543e-03
  6.29275059e-03 4.67447832e-03 3.04725550e-03 4.44757092e-03
  6.12297931e-03 6.68076076e-03 6.82407948e-03 6.87137128e-03
  8.02275255e-03 7.98674775e-03 8.06083745e-03 8.05519950e-03
  7.72514901e-03 6.08892072e-03 4.05312349e-03 5.57580083e-03
  7.33513765e-03 7.83230064e-03 7.93022989e-03 7.95881842e-03
  8.78841120e-03 8.73630492e-03 8.87223713e-03 8.97002517e-03
  8.82680907e-03 7.27008081e-03 4.89343713e-03 6.42616541e-03
  8.19586294e-03 8.63241649e-03 8.69424920e-03 8.70859701e-03]]

Itération: 30
[[0.00499099 0.00494576 0.00493759 0.00499978 0.00497604 0.00503086
  0.00505114 0.00510779 0.00521899 0.00528268 0.005501   0.00558559
  0.00563859 0.00575005 0.00545834 0.00555958 0.0051897  0.0052665
  0.0050373  0.00509983 0.004971   0.00502697 0.00494455 0.00499815
  0.00478854 0.00478177 0.00481494 0.00488011 0.00502055 0.00523921
  0.00531783 0.00518337 0.00498023 0.00486126 0.00480902 0.00478778
  0.00454196 0.00453717 0.0045621  0.00461105 0.00470892 0.00483471
  0.00483473 0.00476994 0.00466031 0.0045883  0.00455552 0.00454159
  0.00422692 0.00422439 0.00423934 0.00426834 0.00431553 0.00433567
  0.00425252 0.00426642 0.00426173 0.00424299 0.00423234 0.00422685
  0.00386877 0.00386854 0.00387298 0.0038809  0.00387626 0.00379354
  0.00363561 0.00372403 0.00382051 0.00385435 0.00386581 0.00386889
  0.00349451 0.00349641 0.00349081 0.00347862 0.00342637 0.00325461
  0.00303827 0.00318859 0.00337184 0.00345236 0.00348376 0.0034947
  0.00313028 0.003134   0.00311953 0.00308961 0.00299712 0.00275561
  0.00249987 0.0026962  0.0029468  0.00306507 0.00311292 0.00313048
  0.00279958 0.00280476 0.00278291 0.00273831 0.00261416 0.00232274
  0.00204502 0.00227246 0.00257064 0.00271687 0.0027771  0.00279974
  0.0025221  0.00252836 0.00250072 0.00244461 0.00229703 0.00197296
  0.0016867  0.00193368 0.00226245 0.00242742 0.00249603 0.0025222
  0.00231313 0.00232012 0.00228823 0.00222357 0.0020597  0.00171625
  0.00143016 0.00168927 0.00203567 0.00221154 0.00228491 0.00231317
  0.00218348 0.00219089 0.00215617 0.00208563 0.00191137 0.00155789
  0.0012765  0.001544   0.00189892 0.00207935 0.0021544  0.00218347
  0.00213956 0.00214709 0.00211089 0.00203693 0.0018573  0.00150038
  0.00122536 0.00149986 0.00185687 0.00203667 0.00211075 0.0021395
  0.00218348 0.00219082 0.0021545  0.00207959 0.00189936 0.00154455
  0.00127639 0.00155718 0.0019108  0.00208527 0.00215595 0.00218334
  0.00231313 0.00231997 0.00228499 0.00221182 0.00203626 0.00169003
  0.00142986 0.00171504 0.00205878 0.00222299 0.00228786 0.00231288
  0.0025221  0.0025281  0.00249613 0.00242783 0.00226335 0.00193482
  0.00168601 0.0019708  0.00229546 0.00244365 0.0025001  0.00252168
  0.00279958 0.00280436 0.00277725 0.00271751 0.00257204 0.00227424
  0.00204364 0.00231896 0.00261156 0.00273676 0.00278193 0.00279894
  0.00313028 0.00313344 0.00311319 0.00306608 0.00294898 0.00269897
  0.00249743 0.00274937 0.002993   0.00308724 0.00311807 0.00312934
  0.0034945  0.00349568 0.00348424 0.00345391 0.00337517 0.00319291
  0.00303443 0.00324497 0.00342021 0.0034752  0.00348877 0.00349323
  0.00386877 0.00386769 0.00386663 0.0038567  0.00382547 0.00373064
  0.00363024 0.00377964 0.00386762 0.00387624 0.00387029 0.00386716
  0.00422691 0.00422348 0.00423365 0.00424638 0.00426882 0.00427622
  0.00424593 0.00431709 0.0043042  0.00426239 0.004236   0.00422501
  0.00454195 0.00453632 0.00455747 0.00459295 0.0046699  0.00478379
  0.00482775 0.00481173 0.00469503 0.00460393 0.00455824 0.00453986
  0.00478854 0.00478111 0.00481168 0.00486722 0.00499248 0.00520179
  0.00531186 0.00521308 0.00500478 0.00487217 0.00481078 0.00478642
  0.00494576 0.00493723 0.00497435 0.00504444 0.0052043  0.00548114
  0.00563512 0.00547375 0.00520239 0.0050429  0.00497185 0.0049438 ]]

Itération: 50
[[0.00410867 0.00409043 0.00408685 0.00411249 0.0041047  0.004127
  0.00414193 0.00416477 0.00423304 0.00425825 0.00441749 0.00445016
  0.00456146 0.00460404 0.00441056 0.00444945 0.00422752 0.00425781
  0.0041394  0.00416456 0.00410416 0.00412689 0.00409057 0.00411244
  0.00402589 0.00402282 0.00403882 0.00407262 0.00415409 0.00431568
  0.00443703 0.00430301 0.00414385 0.00406794 0.00403787 0.0040262
  0.00392361 0.00392128 0.00393425 0.00396209 0.00402765 0.00415346
  0.00424195 0.00413594 0.00401338 0.00395554 0.00393294 0.00392407
  0.00379105 0.00378961 0.00379865 0.00381856 0.0038635  0.00394425
  0.00399311 0.0039231  0.00384615 0.00381057 0.00379704 0.0037916
  0.0036377  0.00363723 0.00364177 0.00365249 0.00367396 0.00370458
  0.00371085 0.00368127 0.00365471 0.00364359 0.00363997 0.0036383
  0.00347434 0.00347486 0.00347469 0.00347566 0.00347271 0.00345231
  0.00341662 0.00342842 0.00345286 0.00346645 0.0034728  0.00347494
  0.00331222 0.00331366 0.0033089  0.00330028 0.00327369 0.00320502
  0.00313101 0.00318214 0.00325458 0.00329136 0.00330703 0.00331277
  0.00316223 0.0031645  0.00315553 0.00313808 0.00309012 0.0029788
  0.00287229 0.00295844 0.00307302 0.00313007 0.00315383 0.00316271
  0.00303427 0.00303719 0.00302466 0.00299962 0.00293366 0.00278743
  0.00265563 0.00277091 0.00291972 0.00299306 0.00302325 0.00303464
  0.00293659 0.00293999 0.0029247  0.00289369 0.00281393 0.00264188
  0.00249269 0.00263023 0.00280407 0.00288904 0.00292369 0.00293685
  0.00287542 0.00287908 0.00286198 0.00282687 0.00273806 0.00255007
  0.00239168 0.00254403 0.00273294 0.00282445 0.00286145 0.00287555
  0.00285459 0.0028583  0.00284041 0.00280328 0.0027105  0.00251685
  0.00235742 0.00251677 0.00271044 0.00280325 0.00284039 0.00285459
  0.00287542 0.00287895 0.00286133 0.00282435 0.00273285 0.00254394
  0.00239149 0.00254982 0.00273785 0.0028267  0.00286183 0.00287528
  0.00293659 0.00293973 0.00292344 0.0028888  0.00280384 0.00262999
  0.00249231 0.00264144 0.00281356 0.00289337 0.00292442 0.00293632
  0.00303427 0.00303681 0.00302288 0.0029927  0.00291937 0.00277051
  0.00265502 0.00278677 0.00293312 0.00299916 0.00302425 0.00303387
  0.00316223 0.00316401 0.00315336 0.0031296  0.00307255 0.00295789
  0.00287144 0.00297789 0.0030894  0.00313749 0.003155   0.00316173
  0.00331221 0.0033131  0.00330648 0.00329082 0.00325403 0.00318145
  0.00312989 0.00320385 0.00327282 0.00329958 0.00330827 0.00331163
  0.00347434 0.00347425 0.00347221 0.00346586 0.00345226 0.00342764
  0.00341527 0.0034509  0.0034717  0.00347487 0.003474   0.0034737
  0.0036377  0.00363661 0.00363939 0.00364302 0.00365412 0.00368047
  0.00370932 0.00370298 0.00367285 0.00365165 0.00364106 0.00363704
  0.00379105 0.00378903 0.00379651 0.00381006 0.00384564 0.00392238
  0.00399154 0.00394256 0.00386236 0.00381773 0.00379796 0.00379043
  0.00392361 0.00392079 0.00393251 0.00395515 0.00401302 0.00413542
  0.00424052 0.00415181 0.00402657 0.00396134 0.00393364 0.00392308
  0.00402589 0.00402246 0.00403759 0.00406772 0.00414372 0.00430283
  0.00443593 0.00431422 0.00415316 0.004072   0.00403834 0.00402548
  0.00409043 0.00408666 0.00410407 0.00413939 0.00422767 0.00441081
  0.00456087 0.00441636 0.00423233 0.0041415  0.00410439 0.00409019]]

