-0.095198 -0.485402 -0.428811
-0.050551 -0.483441 -0.452009
-0.038133 -0.485759 -0.397664

-0.081561 -0.455827 0.054558
-0.087132 -0.484926 0.040531
-0.120706 -0.484514 0.118766

0.045789 0.45703 0.288218
0.057833 0.463901 0.244221
0.064843 0.465297 0.265941

0.057833 0.463901 0.244221
0.069095 0.481885 0.236607
0.064843 0.465297 0.265941

0.03764 0.47396 0.278951
0.045789 0.45703 0.288218
0.064843 0.465297 0.265941

0.03764 0.47396 0.278951
0.064843 0.465297 0.265941
0.069095 0.481885 0.236607

-0.010118 -0.220891 0.000805
-0.067602 -0.096103 0.010505
-0.035992 -0.094607 0.01423

-0.0503 -0.362614 0.040378
-0.021213 -0.360045 0.037513
-0.018269 -0.282379 0.033609

-0.087132 -0.484926 0.040531
-0.041246 -0.483441 0.013504
-0.027045 -0.485675 0.067319

-0.096167 -0.484675 0.123976
-0.120706 -0.484514 0.118766
-0.087132 -0.484926 0.040531

-0.037385 -0.451626 0.057397
-0.027045 -0.485675 0.067319
-0.041246 -0.483441 0.013504

-0.081561 -0.455827 0.054558
-0.085545 -0.428248 0.04143
-0.069423 -0.436591 0.024664

-0.069423 -0.436591 0.024664
-0.085545 -0.428248 0.04143
-0.0503 -0.362614 0.040378

-0.039637 -0.24961 -0.006069
-0.040375 -0.282043 0.021675
-0.04791 -0.251371 0.031958

-0.018269 -0.282379 0.033609
-0.04791 -0.251371 0.031958
-0.040375 -0.282043 0.021675

-0.069423 -0.436591 0.024664
-0.0503 -0.362614 0.040378
-0.040375 -0.282043 0.021675

-0.040375 -0.282043 0.021675
-0.0503 -0.362614 0.040378
-0.018269 -0.282379 0.033609

-0.012566 -0.251524 0.047011
-0.04791 -0.251371 0.031958
-0.018269 -0.282379 0.033609

-0.04791 -0.251371 0.031958
-0.012566 -0.251524 0.047011
-0.038744 -0.211189 0.034607

-0.015512 0.46324 0.394209
-0.047362 0.460493 0.372859
-0.036646 0.443553 0.387058

-0.036646 0.443553 0.387058
-0.057412 0.427561 0.366195
-0.03465 0.410129 0.391178

0.041821 0.220277 0.225575
0.010546 0.270252 0.266424
0.044996 0.254102 0.292615

0.023251 -0.20965 0.001265
0.000159 -0.233223 0.014742
0.027464 -0.122409 0.027106

0.027464 -0.122409 0.027106
0.034064 -0.02445 0.083893
0.030961 -0.020511 0.044641

0.066509 0.001602 0.024502
0.048776 -0.010289 0.024473
0.05403 0.007272 -0.008967

0.066509 0.001602 0.024502
0.068354 -0.087271 0.010441
0.048776 -0.010289 0.024473

0.048776 -0.010289 0.024473
0.068354 -0.087271 0.010441
0.023251 -0.20965 0.001265

0.027464 -0.122409 0.027106
0.048776 -0.010289 0.024473
0.023251 -0.20965 0.001265

0.027464 -0.122409 0.027106
0.030961 -0.020511 0.044641
0.048776 -0.010289 0.024473

0.095768 0.027464 0.040858
0.068354 -0.087271 0.010441
0.066509 0.001602 0.024502

0.125089 0.060156 0.054079
0.134013 0.111832 0.050446
0.127524 0.092778 0.086519

0.127524 0.092778 0.086519
0.103224 0.031413 0.071081
0.125089 0.060156 0.054079

0.095768 0.027464 0.040858
0.125089 0.060156 0.054079
0.103224 0.031413 0.071081

0.113798 0.167946 0.02407
0.134013 0.111832 0.050446
0.116265 0.084854 0.013994

0.116265 0.084854 0.013994
0.134013 0.111832 0.050446
0.125089 0.060156 0.054079

0.116265 0.084854 0.013994
0.125089 0.060156 0.054079
0.092677 0.04371 0.015605

0.092677 0.04371 0.015605
0.125089 0.060156 0.054079
0.095768 0.027464 0.040858

0.066509 0.001602 0.024502
0.092677 0.04371 0.015605
0.095768 0.027464 0.040858

0.066509 0.001602 0.024502
0.05403 0.007272 -0.008967
0.092677 0.04371 0.015605

-0.081906 0.0258 0.10693
-0.103484 0.02989 0.070478
-0.075389 -0.028116 0.098497

-0.029496 -0.021127 0.047229
-0.035992 -0.094607 0.01423
-0.045003 -0.009022 0.026575

-0.032938 -0.033542 0.083143
-0.035992 -0.094607 0.01423
-0.029496 -0.021127 0.047229

0.003472 0.017185 0.000714
0.011884 0.003602 0.054641
-0.012686 0.002701 0.054488

-0.012686 0.002701 0.054488
0.011884 0.003602 0.054641
0.00205 0.004683 0.10893

0.003472 0.017185 0.000714
0.05403 0.007272 -0.008967
0.011884 0.003602 0.054641

0.05403 0.007272 -0.008967
0.048776 -0.010289 0.024473
0.011884 0.003602 0.054641

0.030961 -0.020511 0.044641
0.011884 0.003602 0.054641
0.048776 -0.010289 0.024473

0.034064 -0.02445 0.083893
0.011884 0.003602 0.054641
0.030961 -0.020511 0.044641

-0.012686 0.002701 0.054488
-0.029496 -0.021127 0.047229
-0.045003 -0.009022 0.026575

-0.029496 -0.021127 0.047229
-0.012686 0.002701 0.054488
-0.018225 0.006767 0.088766

-0.012686 0.002701 0.054488
0.00205 0.004683 0.10893
-0.018225 0.006767 0.088766

-0.075389 -0.028116 0.098497
-0.048547 0.018714 0.108351
-0.081906 0.0258 0.10693

-0.032938 -0.033542 0.083143
-0.018225 0.006767 0.088766
-0.048547 0.018714 0.108351

-0.029496 -0.021127 0.047229
-0.018225 0.006767 0.088766
-0.032938 -0.033542 0.083143

-0.075389 -0.028116 0.098497
-0.032938 -0.033542 0.083143
-0.048547 0.018714 0.108351

-0.03972 0.042223 0.141443
-0.021231 0.018625 0.134466
-0.024724 0.079316 0.185565

-0.03972 0.042223 0.141443
-0.048547 0.018714 0.108351
-0.021231 0.018625 0.134466

-0.03972 0.042223 0.141443
-0.081906 0.0258 0.10693
-0.048547 0.018714 0.108351

-0.021231 0.018625 0.134466
-0.048547 0.018714 0.108351
-0.018225 0.006767 0.088766

-0.018225 0.006767 0.088766
0.00205 0.004683 0.10893
-0.021231 0.018625 0.134466

-0.053357 0.118272 0.185082
-0.091654 0.091942 0.151661
-0.081906 0.0258 0.10693

-0.053357 0.118272 0.185082
-0.081906 0.0258 0.10693
-0.03972 0.042223 0.141443

-0.03972 0.042223 0.141443
-0.024724 0.079316 0.185565
-0.053357 0.118272 0.185082

0.13414 -0.488255 -0.351402
0.085755 -0.484957 -0.370052
0.095867 -0.485944 -0.428533

0.13414 -0.488255 -0.351402
0.119985 -0.470608 -0.35138
0.085755 -0.484957 -0.370052

0.13414 -0.488255 -0.351402
0.094839 -0.454729 -0.408435
0.119985 -0.470608 -0.35138

0.095867 -0.485944 -0.428533
0.094839 -0.454729 -0.408435
0.13414 -0.488255 -0.351402

0.05431 -0.487512 -0.337335
0.037848 -0.483545 -0.400179
0.095867 -0.485944 -0.428533

0.037848 -0.483545 -0.400179
0.050407 -0.483371 -0.451803
0.095867 -0.485944 -0.428533

0.085755 -0.484957 -0.370052
0.05431 -0.487512 -0.337335
0.095867 -0.485944 -0.428533

0.085778 -0.487877 -0.329805
0.05431 -0.487512 -0.337335
0.085755 -0.484957 -0.370052

0.095867 -0.485944 -0.428533
0.061955 -0.45354 -0.42938
0.094839 -0.454729 -0.408435

0.050407 -0.483371 -0.451803
0.061955 -0.45354 -0.42938
0.095867 -0.485944 -0.428533

0.037848 -0.483545 -0.400179
0.061955 -0.45354 -0.42938
0.050407 -0.483371 -0.451803

0.116265 0.084854 0.013994
0.092677 0.04371 0.015605
0.132867 0.082795 -0.024236

0.114164 0.041084 -0.057467
0.147587 0.105546 -0.117287
0.132867 0.082795 -0.024236

0.132867 0.082795 -0.024236
0.092677 0.04371 0.015605
0.114164 0.041084 -0.057467

0.114164 0.041084 -0.057467
0.05403 0.007272 -0.008967
0.085506 0.016928 -0.104439

0.092677 0.04371 0.015605
0.05403 0.007272 -0.008967
0.114164 0.041084 -0.057467

0.073463 0.264698 -0.323277
0.000939 0.301014 -0.316219
0.057782 0.296931 -0.243759

0.103146 0.257621 -0.201878
0.076854 0.296632 -0.207909
0.099671 0.293259 -0.160935

0.076854 0.296632 -0.207909
0.103146 0.257621 -0.201878
0.057782 0.296931 -0.243759

0.101935 0.288831 -0.09424
0.099671 0.293259 -0.160935
0.068515 0.381152 -0.162548

0.076854 0.296632 -0.207909
0.068515 0.381152 -0.162548
0.099671 0.293259 -0.160935

0.068515 0.381152 -0.162548
0.076854 0.296632 -0.207909
0.024194 0.389188 -0.208672

0.107227 0.243998 -0.291943
0.100656 0.232383 -0.333107
0.073463 0.264698 -0.323277

0.107227 0.243998 -0.291943
0.073463 0.264698 -0.323277
0.057782 0.296931 -0.243759

0.057782 0.296931 -0.243759
0.103146 0.257621 -0.201878
0.107227 0.243998 -0.291943

0.103146 0.257621 -0.201878
0.121333 0.207187 -0.193519
0.107227 0.243998 -0.291943

0.100656 0.232383 -0.333107
0.058647 0.216323 -0.384296
0.073463 0.264698 -0.323277

-0.050551 -0.483441 -0.452009
-0.057949 -0.453786 -0.426765
-0.038133 -0.485759 -0.397664

-0.069266 -0.488575 -0.322846
-0.064517 -0.472247 -0.333146
-0.087069 -0.483507 -0.331932

-0.064517 -0.472247 -0.333146
-0.069266 -0.488575 -0.322846
-0.038133 -0.485759 -0.397664

-0.069266 -0.488575 -0.322846
-0.087069 -0.483507 -0.331932
-0.038133 -0.485759 -0.397664

-0.064517 -0.472247 -0.333146
-0.09031 -0.466499 -0.375582
-0.08451 -0.485542 -0.372612

-0.08451 -0.485542 -0.372612
-0.09031 -0.466499 -0.375582
-0.110703 -0.484649 -0.342071

-0.09031 -0.466499 -0.375582
-0.125972 -0.473019 -0.357137
-0.110703 -0.484649 -0.342071

-0.110703 -0.484649 -0.342071
-0.095198 -0.485402 -0.428811
-0.08451 -0.485542 -0.372612

-0.038133 -0.485759 -0.397664
-0.08451 -0.485542 -0.372612
-0.095198 -0.485402 -0.428811

-0.038133 -0.485759 -0.397664
-0.087069 -0.483507 -0.331932
-0.08451 -0.485542 -0.372612

-0.08451 -0.485542 -0.372612
-0.087069 -0.483507 -0.331932
-0.064517 -0.472247 -0.333146

-0.064517 -0.472247 -0.333146
-0.038133 -0.485759 -0.397664
-0.053633 -0.454579 -0.389939

-0.057949 -0.453786 -0.426765
-0.053633 -0.454579 -0.389939
-0.038133 -0.485759 -0.397664

-0.057949 -0.453786 -0.426765
-0.031851 -0.435263 -0.41907
-0.053633 -0.454579 -0.389939

-0.127399 -0.489231 -0.346142
-0.125972 -0.473019 -0.357137
-0.125707 -0.484753 -0.379099

-0.125707 -0.484753 -0.379099
-0.095198 -0.485402 -0.428811
-0.127399 -0.489231 -0.346142

-0.110703 -0.484649 -0.342071
-0.127399 -0.489231 -0.346142
-0.095198 -0.485402 -0.428811

-0.125972 -0.473019 -0.357137
-0.127399 -0.489231 -0.346142
-0.110703 -0.484649 -0.342071

-0.088197 -0.451789 -0.419143
-0.095198 -0.485402 -0.428811
-0.095311 -0.457061 -0.401088

-0.095198 -0.485402 -0.428811
-0.125707 -0.484753 -0.379099
-0.095311 -0.457061 -0.401088

-0.095311 -0.457061 -0.401088
-0.125707 -0.484753 -0.379099
-0.125972 -0.473019 -0.357137

-0.095311 -0.457061 -0.401088
-0.125972 -0.473019 -0.357137
-0.09031 -0.466499 -0.375582

-0.050551 -0.483441 -0.452009
-0.088197 -0.451789 -0.419143
-0.057949 -0.453786 -0.426765

-0.050551 -0.483441 -0.452009
-0.095198 -0.485402 -0.428811
-0.088197 -0.451789 -0.419143

-0.09031 -0.466499 -0.375582
-0.071519 -0.450888 -0.388581
-0.095311 -0.457061 -0.401088

-0.064517 -0.472247 -0.333146
-0.071519 -0.450888 -0.388581
-0.09031 -0.466499 -0.375582

-0.064517 -0.472247 -0.333146
-0.053633 -0.454579 -0.389939
-0.071519 -0.450888 -0.388581

-0.039145 -0.426553 -0.397238
-0.071519 -0.450888 -0.388581
-0.053633 -0.454579 -0.389939

-0.053633 -0.454579 -0.389939
-0.031851 -0.435263 -0.41907
-0.039145 -0.426553 -0.397238

0.032508 0.455522 0.271099
0.030521 0.465001 0.263656
0.057833 0.463901 0.244221

0.032508 0.455522 0.271099
0.045789 0.45703 0.288218
0.030521 0.465001 0.263656

0.057833 0.463901 0.244221
0.045789 0.45703 0.288218
0.032508 0.455522 0.271099

0.03764 0.47396 0.278951
0.069095 0.481885 0.236607
0.030521 0.465001 0.263656

0.069095 0.481885 0.236607
0.057833 0.463901 0.244221
0.030521 0.465001 0.263656

0.034892 0.300439 0.29097
0.010546 0.270252 0.266424
0.020006 0.336327 0.275631

0.044996 0.254102 0.292615
0.010546 0.270252 0.266424
0.034892 0.300439 0.29097

-0.006996 0.455737 0.255702
0.030521 0.465001 0.263656
0.020006 0.336327 0.275631

0.034892 0.300439 0.29097
0.020006 0.336327 0.275631
0.045789 0.45703 0.288218

0.020006 0.336327 0.275631
0.030521 0.465001 0.263656
0.045789 0.45703 0.288218

-0.101544 0.122711 -0.228198
-0.105623 0.066375 -0.190256
-0.141649 0.133636 -0.162474

-0.124249 0.064329 0.048859
-0.131159 0.106729 0.042869
-0.116737 0.086177 0.014822

-0.131159 0.106729 0.042869
-0.124249 0.064329 0.048859
-0.131308 0.101098 0.083349

-0.131308 0.101098 0.083349
-0.124249 0.064329 0.048859
-0.103484 0.02989 0.070478

-0.116737 0.086177 0.014822
-0.131159 0.106729 0.042869
-0.113854 0.166985 0.024458

-0.124249 0.064329 0.048859
-0.116737 0.086177 0.014822
-0.085584 0.03517 0.006725

-0.049491 0.007798 -0.01297
0.003472 0.017185 0.000714
-0.012686 0.002701 0.054488

-0.045003 -0.009022 0.026575
-0.049491 0.007798 -0.01297
-0.012686 0.002701 0.054488

-0.131843 0.075788 -0.033055
-0.085584 0.03517 0.006725
-0.116737 0.086177 0.014822

-0.146021 0.161846 -0.033537
-0.131843 0.075788 -0.033055
-0.116737 0.086177 0.014822

-0.113854 0.166985 0.024458
-0.146021 0.161846 -0.033537
-0.116737 0.086177 0.014822

-0.113854 0.166985 0.024458
-0.140218 0.21584 -0.058806
-0.146021 0.161846 -0.033537

-0.101497 0.234997 0.006203
-0.140218 0.21584 -0.058806
-0.113854 0.166985 0.024458

-0.058711 0.310925 0.047559
-0.101497 0.234997 0.006203
-0.081768 0.264451 0.071347

-0.101497 0.234997 0.006203
-0.113854 0.166985 0.024458
-0.081768 0.264451 0.071347

0.032943 0.334836 0.070167
0.081166 0.265111 0.070662
0.06147 0.308462 0.040411

-0.058711 0.310925 0.047559
-0.081768 0.264451 0.071347
-0.024353 0.322013 0.108648

0.095812 0.141494 0.168852
0.112772 0.157805 0.123528
0.095305 0.197626 0.159293

-0.085584 0.03517 0.006725
-0.086154 0.015235 -0.080169
-0.049491 0.007798 -0.01297

0.003472 0.017185 0.000714
-0.034075 -0.000901 -0.06785
0.034639 0.000567 -0.056371

-0.034075 -0.000901 -0.06785
0.003472 0.017185 0.000714
-0.049491 0.007798 -0.01297

-0.049491 0.007798 -0.01297
-0.086154 0.015235 -0.080169
-0.034075 -0.000901 -0.06785

0.085506 0.016928 -0.104439
0.05403 0.007272 -0.008967
0.034639 0.000567 -0.056371

0.05403 0.007272 -0.008967
0.003472 0.017185 0.000714
0.034639 0.000567 -0.056371

0.023726 -0.001862 -0.13293
0.085506 0.016928 -0.104439
0.034639 0.000567 -0.056371

0.023726 -0.001862 -0.13293
-0.034075 -0.000901 -0.06785
-0.0228 0.002888 -0.155285

0.034639 0.000567 -0.056371
-0.034075 -0.000901 -0.06785
0.023726 -0.001862 -0.13293

0.073247 0.038206 -0.194283
0.085506 0.016928 -0.104439
0.023726 -0.001862 -0.13293

-0.025363 -0.164132 -0.435123
-0.041245 -0.147762 -0.41482
-0.036344 -0.188842 -0.436397

-0.050229 -0.169703 -0.435132
-0.036344 -0.188842 -0.436397
-0.041245 -0.147762 -0.41482

-0.036344 -0.188842 -0.436397
-0.044087 -0.276124 -0.442601
-0.024179 -0.239006 -0.443192

-0.036344 -0.188842 -0.436397
-0.024179 -0.239006 -0.443192
-0.025363 -0.164132 -0.435123

0.027464 -0.122409 0.027106
0.018623 -0.214473 0.040771
0.031214 -0.135325 0.055234

0.067202 -0.019747 0.10233
0.034064 -0.02445 0.083893
0.031214 -0.135325 0.055234

0.027464 -0.122409 0.027106
0.031214 -0.135325 0.055234
0.034064 -0.02445 0.083893

0.027464 -0.122409 0.027106
0.000159 -0.233223 0.014742
0.018623 -0.214473 0.040771

0.018623 -0.214473 0.040771
0.000159 -0.233223 0.014742
0.011931 -0.252722 0.045795

0.041902 -0.251227 0.038271
0.018623 -0.214473 0.040771
0.011931 -0.252722 0.045795

0.090397 -0.48535 0.044799
0.042074 -0.483995 0.012678
0.051911 -0.45354 0.036491

0.086051 -0.426378 0.039929
0.025481 -0.28736 0.002548
0.053572 -0.354933 0.025383

0.112145 -0.470721 0.109558
0.098357 -0.48633 0.125632
0.119792 -0.487135 0.112349

0.119792 -0.487135 0.112349
0.090397 -0.48535 0.044799
0.112145 -0.470721 0.109558

0.090397 -0.48535 0.044799
0.119792 -0.487135 0.112349
0.098357 -0.48633 0.125632

0.072541 -0.486243 0.093828
0.098357 -0.48633 0.125632
0.072076 -0.468251 0.092837

0.112145 -0.470721 0.109558
0.072076 -0.468251 0.092837
0.098357 -0.48633 0.125632

0.090397 -0.48535 0.044799
0.098357 -0.48633 0.125632
0.072541 -0.486243 0.093828

0.086051 -0.426378 0.039929
0.072332 -0.449542 0.072958
0.083852 -0.449017 0.05651

0.083852 -0.449017 0.05651
0.072332 -0.449542 0.072958
0.072076 -0.468251 0.092837

0.053572 -0.354933 0.025383
0.072332 -0.449542 0.072958
0.086051 -0.426378 0.039929

0.083852 -0.449017 0.05651
0.072076 -0.468251 0.092837
0.112145 -0.470721 0.109558

0.090397 -0.48535 0.044799
0.083852 -0.449017 0.05651
0.112145 -0.470721 0.109558

0.051911 -0.45354 0.036491
0.083852 -0.449017 0.05651
0.090397 -0.48535 0.044799

0.042074 -0.483995 0.012678
0.033881 -0.486458 0.101149
0.025556 -0.482581 0.064558

0.051911 -0.45354 0.036491
0.042074 -0.483995 0.012678
0.025556 -0.482581 0.064558

0.042074 -0.483995 0.012678
0.090397 -0.48535 0.044799
0.033881 -0.486458 0.101149

0.033881 -0.486458 0.101149
0.090397 -0.48535 0.044799
0.072541 -0.486243 0.093828

0.033881 -0.486458 0.101149
0.072541 -0.486243 0.093828
0.07325 -0.487656 0.132549

0.033881 -0.486458 0.101149
0.07325 -0.487656 0.132549
0.052231 -0.487692 0.140805

0.072541 -0.486243 0.093828
0.065655 -0.471226 0.127097
0.07325 -0.487656 0.132549

0.065655 -0.471226 0.127097
0.072076 -0.468251 0.092837
0.051405 -0.474622 0.135234

0.072076 -0.468251 0.092837
0.065655 -0.471226 0.127097
0.072541 -0.486243 0.093828

0.051405 -0.474622 0.135234
0.072076 -0.468251 0.092837
0.072332 -0.449542 0.072958

0.033881 -0.486458 0.101149
0.052231 -0.487692 0.140805
0.051405 -0.474622 0.135234

0.051405 -0.474622 0.135234
0.07325 -0.487656 0.132549
0.065655 -0.471226 0.127097

0.052231 -0.487692 0.140805
0.07325 -0.487656 0.132549
0.051405 -0.474622 0.135234

0.045285 -0.452989 0.079753
0.025556 -0.482581 0.064558
0.033881 -0.486458 0.101149

0.045285 -0.452989 0.079753
0.033881 -0.486458 0.101149
0.051405 -0.474622 0.135234

0.038089 -0.450732 0.06326
0.025556 -0.482581 0.064558
0.045285 -0.452989 0.079753

0.021914 -0.433864 0.052823
0.038089 -0.450732 0.06326
0.045285 -0.452989 0.079753

0.045285 -0.452989 0.079753
0.051405 -0.474622 0.135234
0.072332 -0.449542 0.072958

0.051911 -0.45354 0.036491
0.025556 -0.482581 0.064558
0.038089 -0.450732 0.06326

0.018346 -0.282421 0.033354
0.026124 -0.373138 0.045346
0.045026 -0.372128 0.045226

0.026124 -0.373138 0.045346
0.021914 -0.433864 0.052823
0.045285 -0.452989 0.079753

0.045285 -0.452989 0.079753
0.072332 -0.449542 0.072958
0.026124 -0.373138 0.045346

0.026124 -0.373138 0.045346
0.072332 -0.449542 0.072958
0.045026 -0.372128 0.045226

0.045026 -0.372128 0.045226
0.072332 -0.449542 0.072958
0.053572 -0.354933 0.025383

0.051911 -0.45354 0.036491
0.043171 -0.44325 0.023733
0.069488 -0.437241 0.024658

0.025481 -0.28736 0.002548
0.069488 -0.437241 0.024658
0.043171 -0.44325 0.023733

0.051911 -0.45354 0.036491
0.038089 -0.450732 0.06326
0.043171 -0.44325 0.023733

0.038089 -0.450732 0.06326
0.021914 -0.433864 0.052823
0.043171 -0.44325 0.023733

0.069488 -0.437241 0.024658
0.025481 -0.28736 0.002548
0.086051 -0.426378 0.039929

0.069488 -0.437241 0.024658
0.086051 -0.426378 0.039929
0.083852 -0.449017 0.05651

0.083852 -0.449017 0.05651
0.051911 -0.45354 0.036491
0.069488 -0.437241 0.024658

0.006659 -0.276572 0.01483
0.013275 -0.289652 0.007353
0.018346 -0.282421 0.033354

0.013275 -0.289652 0.007353
0.025481 -0.28736 0.002548
0.043171 -0.44325 0.023733

0.043171 -0.44325 0.023733
0.021914 -0.433864 0.052823
0.013275 -0.289652 0.007353

0.026124 -0.373138 0.045346
0.013275 -0.289652 0.007353
0.021914 -0.433864 0.052823

0.013275 -0.289652 0.007353
0.026124 -0.373138 0.045346
0.018346 -0.282421 0.033354

0.006659 -0.276572 0.01483
0.018346 -0.282421 0.033354
0.011931 -0.252722 0.045795

0.000159 -0.233223 0.014742
0.006659 -0.276572 0.01483
0.011931 -0.252722 0.045795

0.031266 -0.248547 -0.009442
0.00684 -0.249299 -0.006485
0.023251 -0.20965 0.001265

0.00684 -0.249299 -0.006485
0.031266 -0.248547 -0.009442
0.013275 -0.289652 0.007353

0.013275 -0.289652 0.007353
0.031266 -0.248547 -0.009442
0.025481 -0.28736 0.002548

0.00684 -0.249299 -0.006485
0.013275 -0.289652 0.007353
0.006659 -0.276572 0.01483

0.00684 -0.249299 -0.006485
0.006659 -0.276572 0.01483
0.000159 -0.233223 0.014742

0.00684 -0.249299 -0.006485
0.000159 -0.233223 0.014742
0.023251 -0.20965 0.001265

0.011931 -0.252722 0.045795
0.034796 -0.28197 0.028598
0.041902 -0.251227 0.038271

0.018346 -0.282421 0.033354
0.034796 -0.28197 0.028598
0.011931 -0.252722 0.045795

0.045026 -0.372128 0.045226
0.034796 -0.28197 0.028598
0.018346 -0.282421 0.033354

0.045026 -0.372128 0.045226
0.053572 -0.354933 0.025383
0.034796 -0.28197 0.028598

0.041264 -0.281606 0.013597
0.041902 -0.251227 0.038271
0.034796 -0.28197 0.028598

0.041264 -0.281606 0.013597
0.034796 -0.28197 0.028598
0.053572 -0.354933 0.025383

0.025481 -0.28736 0.002548
0.041264 -0.281606 0.013597
0.053572 -0.354933 0.025383

0.025481 -0.28736 0.002548
0.031266 -0.248547 -0.009442
0.041264 -0.281606 0.013597

0.050513 -0.237015 0.012412
0.031266 -0.248547 -0.009442
0.0438 -0.213361 0.014558

0.0438 -0.213361 0.014558
0.031266 -0.248547 -0.009442
0.023251 -0.20965 0.001265

0.023251 -0.20965 0.001265
0.068354 -0.087271 0.010441
0.0438 -0.213361 0.014558

0.050513 -0.237015 0.012412
0.041902 -0.251227 0.038271
0.041264 -0.281606 0.013597

0.041264 -0.281606 0.013597
0.031266 -0.248547 -0.009442
0.050513 -0.237015 0.012412

0.102036 -0.019257 0.048962
0.095768 0.027464 0.040858
0.103224 0.031413 0.071081

0.085741 -0.09602 0.035962
0.102036 -0.019257 0.048962
0.094247 -0.050887 0.072648

0.094247 -0.050887 0.072648
0.102036 -0.019257 0.048962
0.103224 0.031413 0.071081

0.102036 -0.019257 0.048962
0.085741 -0.09602 0.035962
0.068354 -0.087271 0.010441

0.102036 -0.019257 0.048962
0.068354 -0.087271 0.010441
0.095768 0.027464 0.040858

0.085741 -0.09602 0.035962
0.0438 -0.213361 0.014558
0.068354 -0.087271 0.010441

0.058358 -0.129305 0.060238
0.067202 -0.019747 0.10233
0.031214 -0.135325 0.055234

0.018623 -0.214473 0.040771
0.04099 -0.215043 0.032756
0.058358 -0.129305 0.060238

0.058358 -0.129305 0.060238
0.031214 -0.135325 0.055234
0.018623 -0.214473 0.040771

0.041902 -0.251227 0.038271
0.04099 -0.215043 0.032756
0.018623 -0.214473 0.040771

0.041902 -0.251227 0.038271
0.050513 -0.237015 0.012412
0.04099 -0.215043 0.032756

0.04099 -0.215043 0.032756
0.050513 -0.237015 0.012412
0.0438 -0.213361 0.014558

0.0438 -0.213361 0.014558
0.085741 -0.09602 0.035962
0.04099 -0.215043 0.032756

0.04099 -0.215043 0.032756
0.094247 -0.050887 0.072648
0.058358 -0.129305 0.060238

0.058358 -0.129305 0.060238
0.094247 -0.050887 0.072648
0.067202 -0.019747 0.10233

0.085741 -0.09602 0.035962
0.094247 -0.050887 0.072648
0.04099 -0.215043 0.032756

-0.055592 -0.488587 0.143223
-0.051221 -0.472247 0.132768
-0.073721 -0.483507 0.134737

-0.027045 -0.485675 0.067319
-0.051221 -0.472247 0.132768
-0.055592 -0.488587 0.143223

-0.027045 -0.485675 0.067319
-0.055592 -0.488587 0.143223
-0.073721 -0.483507 0.134737

-0.07408 -0.467 0.090804
-0.096167 -0.484675 0.123976
-0.072232 -0.486042 0.093642

-0.07408 -0.467 0.090804
-0.072232 -0.486042 0.093642
-0.073721 -0.483507 0.134737

-0.07408 -0.467 0.090804
-0.073721 -0.483507 0.134737
-0.051221 -0.472247 0.132768

-0.081561 -0.455827 0.054558
-0.07408 -0.467 0.090804
-0.085545 -0.428248 0.04143

-0.081561 -0.455827 0.054558
-0.120706 -0.484514 0.118766
-0.07408 -0.467 0.090804

-0.07408 -0.467 0.090804
-0.120706 -0.484514 0.118766
-0.096167 -0.484675 0.123976

-0.096167 -0.484675 0.123976
-0.087132 -0.484926 0.040531
-0.072232 -0.486042 0.093642

-0.072232 -0.486042 0.093642
-0.087132 -0.484926 0.040531
-0.027045 -0.485675 0.067319

-0.072232 -0.486042 0.093642
-0.027045 -0.485675 0.067319
-0.073721 -0.483507 0.134737

-0.071953 -0.449629 0.073034
-0.045513 -0.455247 0.080182
-0.021213 -0.360045 0.037513

-0.071953 -0.449629 0.073034
-0.021213 -0.360045 0.037513
-0.0503 -0.362614 0.040378

-0.071953 -0.449629 0.073034
-0.0503 -0.362614 0.040378
-0.085545 -0.428248 0.04143

-0.085545 -0.428248 0.04143
-0.07408 -0.467 0.090804
-0.071953 -0.449629 0.073034

-0.071953 -0.449629 0.073034
-0.051221 -0.472247 0.132768
-0.045513 -0.455247 0.080182

-0.07408 -0.467 0.090804
-0.051221 -0.472247 0.132768
-0.071953 -0.449629 0.073034

-0.027045 -0.485675 0.067319
-0.045513 -0.455247 0.080182
-0.051221 -0.472247 0.132768

-0.027045 -0.485675 0.067319
-0.037385 -0.451626 0.057397
-0.045513 -0.455247 0.080182

-0.025652 -0.437793 0.039479
-0.025853 -0.430979 0.065217
-0.037385 -0.451626 0.057397

-0.025652 -0.437793 0.039479
-0.021213 -0.360045 0.037513
-0.025853 -0.430979 0.065217

-0.025853 -0.430979 0.065217
-0.021213 -0.360045 0.037513
-0.045513 -0.455247 0.080182

-0.037385 -0.451626 0.057397
-0.025853 -0.430979 0.065217
-0.045513 -0.455247 0.080182

-0.04643 -0.442259 0.023305
-0.057765 -0.453554 0.037578
-0.069423 -0.436591 0.024664

-0.037385 -0.451626 0.057397
-0.041246 -0.483441 0.013504
-0.057765 -0.453554 0.037578

-0.057765 -0.453554 0.037578
-0.041246 -0.483441 0.013504
-0.087132 -0.484926 0.040531

-0.081561 -0.455827 0.054558
-0.057765 -0.453554 0.037578
-0.087132 -0.484926 0.040531

-0.069423 -0.436591 0.024664
-0.057765 -0.453554 0.037578
-0.081561 -0.455827 0.054558

-0.057765 -0.453554 0.037578
-0.04643 -0.442259 0.023305
-0.037385 -0.451626 0.057397

-0.037385 -0.451626 0.057397
-0.04643 -0.442259 0.023305
-0.025652 -0.437793 0.039479

-0.039637 -0.24961 -0.006069
-0.010118 -0.220891 0.000805
-0.014976 -0.27544 -0.001048

-0.031046 -0.281544 0.002878
-0.039637 -0.24961 -0.006069
-0.014976 -0.27544 -0.001048

-0.031046 -0.281544 0.002878
-0.014976 -0.27544 -0.001048
-0.04643 -0.442259 0.023305

-0.014976 -0.27544 -0.001048
-0.021213 -0.360045 0.037513
-0.025652 -0.437793 0.039479

-0.014976 -0.27544 -0.001048
-0.025652 -0.437793 0.039479
-0.04643 -0.442259 0.023305

-0.031046 -0.281544 0.002878
-0.04643 -0.442259 0.023305
-0.069423 -0.436591 0.024664

-0.069423 -0.436591 0.024664
-0.040375 -0.282043 0.021675
-0.031046 -0.281544 0.002878

-0.031046 -0.281544 0.002878
-0.040375 -0.282043 0.021675
-0.039637 -0.24961 -0.006069

0.001086 -0.234718 0.013929
-0.014976 -0.27544 -0.001048
-0.010118 -0.220891 0.000805

-0.010118 -0.220891 0.000805
-0.035992 -0.094607 0.01423
0.001086 -0.234718 0.013929

0.001086 -0.234718 0.013929
-0.012566 -0.251524 0.047011
-0.004471 -0.2727 0.014088

-0.018269 -0.282379 0.033609
-0.004471 -0.2727 0.014088
-0.012566 -0.251524 0.047011

-0.021213 -0.360045 0.037513
-0.004471 -0.2727 0.014088
-0.018269 -0.282379 0.033609

-0.004471 -0.2727 0.014088
-0.014976 -0.27544 -0.001048
0.001086 -0.234718 0.013929

-0.004471 -0.2727 0.014088
-0.021213 -0.360045 0.037513
-0.014976 -0.27544 -0.001048

-0.032842 -0.137897 0.056215
-0.017261 -0.214153 0.039642
0.001086 -0.234718 0.013929

-0.038744 -0.211189 0.034607
-0.012566 -0.251524 0.047011
-0.017261 -0.214153 0.039642

-0.017261 -0.214153 0.039642
-0.012566 -0.251524 0.047011
0.001086 -0.234718 0.013929

-0.035992 -0.094607 0.01423
-0.032842 -0.137897 0.056215
0.001086 -0.234718 0.013929

-0.032842 -0.137897 0.056215
-0.035992 -0.094607 0.01423
-0.032938 -0.033542 0.083143

-0.032842 -0.137897 0.056215
-0.032938 -0.033542 0.083143
-0.075389 -0.028116 0.098497

-0.038744 -0.211189 0.034607
-0.017261 -0.214153 0.039642
-0.032842 -0.137897 0.056215

-0.032842 -0.137897 0.056215
-0.075389 -0.028116 0.098497
-0.038744 -0.211189 0.034607

-0.075389 -0.028116 0.098497
-0.044657 -0.214381 0.022813
-0.038744 -0.211189 0.034607

-0.067602 -0.096103 0.010505
-0.010118 -0.220891 0.000805
-0.040286 -0.212215 0.008574

-0.039637 -0.24961 -0.006069
-0.040286 -0.212215 0.008574
-0.010118 -0.220891 0.000805

-0.04791 -0.251371 0.031958
-0.044657 -0.214381 0.022813
-0.040286 -0.212215 0.008574

-0.038744 -0.211189 0.034607
-0.044657 -0.214381 0.022813
-0.04791 -0.251371 0.031958

-0.04791 -0.251371 0.031958
-0.040286 -0.212215 0.008574
-0.039637 -0.24961 -0.006069

-0.028825 0.475508 0.273231
-0.002295 0.482832 0.273391
-0.006996 0.455737 0.255702

0.004707 0.489601 0.378632
0.04208 0.485356 0.3578
-0.002295 0.482832 0.273391

0.04208 0.485356 0.3578
0.03764 0.47396 0.278951
-0.002295 0.482832 0.273391

0.03764 0.47396 0.278951
0.030521 0.465001 0.263656
-0.002295 0.482832 0.273391

0.030521 0.465001 0.263656
-0.006996 0.455737 0.255702
-0.002295 0.482832 0.273391

-0.062919 0.464326 0.26893
-0.05838 0.464839 0.243443
-0.046582 0.464052 0.287519

-0.062919 0.464326 0.26893
-0.046582 0.464052 0.287519
-0.06924 0.482036 0.237411

-0.06924 0.482036 0.237411
-0.05838 0.464839 0.243443
-0.062919 0.464326 0.26893

-0.028825 0.475508 0.273231
-0.06924 0.482036 0.237411
-0.046582 0.464052 0.287519

0.004707 0.489601 0.378632
-0.002295 0.482832 0.273391
-0.038925 0.485739 0.361083

-0.002295 0.482832 0.273391
-0.028825 0.475508 0.273231
-0.038925 0.485739 0.361083

-0.052103 0.474544 0.364358
-0.038925 0.485739 0.361083
-0.046582 0.464052 0.287519

-0.046582 0.464052 0.287519
-0.038925 0.485739 0.361083
-0.028825 0.475508 0.273231

-0.015512 0.46324 0.394209
-0.052103 0.474544 0.364358
-0.047362 0.460493 0.372859

-0.052778 0.458911 0.329096
-0.057412 0.427561 0.366195
-0.051152 0.443661 0.362234

-0.051152 0.443661 0.362234
-0.047362 0.460493 0.372859
-0.052778 0.458911 0.329096

-0.036646 0.443553 0.387058
-0.051152 0.443661 0.362234
-0.057412 0.427561 0.366195

-0.036646 0.443553 0.387058
-0.047362 0.460493 0.372859
-0.051152 0.443661 0.362234

-0.052103 0.474544 0.364358
-0.052778 0.458911 0.329096
-0.047362 0.460493 0.372859

-0.052778 0.458911 0.329096
-0.052103 0.474544 0.364358
-0.046582 0.464052 0.287519

-0.05838 0.464839 0.243443
-0.030276 0.451377 0.267603
-0.035014 0.462948 0.277304

-0.05838 0.464839 0.243443
-0.06924 0.482036 0.237411
-0.030276 0.451377 0.267603

-0.030276 0.451377 0.267603
-0.06924 0.482036 0.237411
-0.028825 0.475508 0.273231

-0.030276 0.451377 0.267603
-0.028825 0.475508 0.273231
-0.006996 0.455737 0.255702

-0.046582 0.464052 0.287519
-0.05838 0.464839 0.243443
-0.035014 0.462948 0.277304

-0.030276 0.451377 0.267603
-0.045421 0.421169 0.297122
-0.035014 0.462948 0.277304

-0.052778 0.458911 0.329096
-0.059026 0.435693 0.32453
-0.057412 0.427561 0.366195

-0.059026 0.435693 0.32453
-0.046582 0.464052 0.287519
-0.045421 0.421169 0.297122

-0.046582 0.464052 0.287519
-0.035014 0.462948 0.277304
-0.045421 0.421169 0.297122

-0.046582 0.464052 0.287519
-0.059026 0.435693 0.32453
-0.052778 0.458911 0.329096

-0.052042 0.386681 0.33548
-0.030786 0.373728 0.351031
-0.045835 0.385837 0.360561

-0.045421 0.421169 0.297122
-0.052042 0.386681 0.33548
-0.059026 0.435693 0.32453

-0.045421 0.421169 0.297122
-0.039896 0.383033 0.318184
-0.052042 0.386681 0.33548

-0.052042 0.386681 0.33548
-0.039896 0.383033 0.318184
-0.030786 0.373728 0.351031

-0.045835 0.385837 0.360561
-0.057412 0.427561 0.366195
-0.052042 0.386681 0.33548

-0.052042 0.386681 0.33548
-0.057412 0.427561 0.366195
-0.059026 0.435693 0.32453

-0.045835 0.385837 0.360561
-0.03465 0.410129 0.391178
-0.057412 0.427561 0.366195

-0.008133 0.382854 0.370006
-0.015711 0.397809 0.380518
-0.030786 0.373728 0.351031

-0.03465 0.410129 0.391178
-0.045835 0.385837 0.360561
-0.015711 0.397809 0.380518

-0.015711 0.397809 0.380518
-0.045835 0.385837 0.360561
-0.030786 0.373728 0.351031

-0.017469 0.327876 0.276532
-0.006996 0.455737 0.255702
0.020006 0.336327 0.275631

-0.017469 0.327876 0.276532
0.020006 0.336327 0.275631
0.010546 0.270252 0.266424

-0.045421 0.421169 0.297122
-0.034484 0.328423 0.291137
-0.039896 0.383033 0.318184

-0.030276 0.451377 0.267603
-0.017469 0.327876 0.276532
-0.034484 0.328423 0.291137

-0.030276 0.451377 0.267603
-0.006996 0.455737 0.255702
-0.017469 0.327876 0.276532

-0.030276 0.451377 0.267603
-0.034484 0.328423 0.291137
-0.045421 0.421169 0.297122

0.061899 0.180781 0.195127
0.052522 0.213829 0.191343
0.041821 0.220277 0.225575

0.095305 0.197626 0.159293
0.052522 0.213829 0.191343
0.061899 0.180781 0.195127

0.061899 0.180781 0.195127
0.041821 0.220277 0.225575
0.044996 0.254102 0.292615

0.095812 0.141494 0.168852
0.095305 0.197626 0.159293
0.061899 0.180781 0.195127

-0.008339 0.239437 0.231902
0.041821 0.220277 0.225575
-0.000212 0.235964 0.209776

0.041821 0.220277 0.225575
0.052522 0.213829 0.191343
-0.000212 0.235964 0.209776

-0.008339 0.239437 0.231902
0.010546 0.270252 0.266424
0.041821 0.220277 0.225575

-0.016256 0.272346 0.268235
-0.008339 0.239437 0.231902
-0.035149 0.264301 0.279914

-0.035149 0.264301 0.279914
-0.017469 0.327876 0.276532
-0.016256 0.272346 0.268235

-0.048767 0.217572 0.24203
-0.035149 0.264301 0.279914
-0.008339 0.239437 0.231902

-0.034484 0.328423 0.291137
-0.017469 0.327876 0.276532
-0.035149 0.264301 0.279914

-0.017469 0.327876 0.276532
0.010546 0.270252 0.266424
-0.016256 0.272346 0.268235

-0.016256 0.272346 0.268235
0.010546 0.270252 0.266424
-0.008339 0.239437 0.231902

-0.050244 0.229086 0.289603
-0.034484 0.328423 0.291137
-0.035149 0.264301 0.279914

-0.035149 0.264301 0.279914
-0.048767 0.217572 0.24203
-0.050244 0.229086 0.289603

-0.048767 0.217572 0.24203
-0.063331 0.155537 0.192009
-0.050244 0.229086 0.289603

-0.030786 0.373728 0.351031
-0.042609 0.267783 0.343149
-0.008133 0.382854 0.370006

-0.042609 0.267783 0.343149
-0.039896 0.383033 0.318184
-0.050244 0.229086 0.289603

-0.039896 0.383033 0.318184
-0.034484 0.328423 0.291137
-0.050244 0.229086 0.289603

-0.030786 0.373728 0.351031
-0.039896 0.383033 0.318184
-0.042609 0.267783 0.343149

0.000621 -0.199434 -0.461623
0.015498 -0.190198 -0.483057
0.011588 -0.247949 -0.47054

-0.121713 0.202379 -0.193066
-0.130381 0.188129 -0.286636
-0.126051 0.157942 -0.228322

-0.121713 0.202379 -0.193066
-0.126051 0.157942 -0.228322
-0.102295 0.096745 -0.255288

-0.121713 0.202379 -0.193066
-0.102295 0.096745 -0.255288
-0.101544 0.122711 -0.228198

-0.101544 0.122711 -0.228198
-0.141649 0.133636 -0.162474
-0.121713 0.202379 -0.193066

-0.059273 0.307118 -0.22224
-0.032501 0.375627 -0.21133
-0.03827 0.309398 -0.243326

-0.03827 0.309398 -0.243326
-0.10045 0.262125 -0.20828
-0.059273 0.307118 -0.22224

-0.102027 0.283139 -0.169458
-0.059273 0.307118 -0.22224
-0.10045 0.262125 -0.20828

-0.130381 0.188129 -0.286636
-0.104892 0.248145 -0.29096
-0.111484 0.20841 -0.334764

-0.121713 0.202379 -0.193066
-0.104892 0.248145 -0.29096
-0.130381 0.188129 -0.286636

-0.121713 0.202379 -0.193066
-0.10045 0.262125 -0.20828
-0.104892 0.248145 -0.29096

-0.03827 0.309398 -0.243326
-0.104892 0.248145 -0.29096
-0.10045 0.262125 -0.20828

-0.111484 0.20841 -0.334764
-0.060691 0.218972 -0.381204
-0.103724 0.141168 -0.379594

0.057782 0.296931 -0.243759
0.000229 0.317462 -0.268606
0.009092 0.330132 -0.248104

0.057782 0.296931 -0.243759
0.000939 0.301014 -0.316219
0.000229 0.317462 -0.268606

0.009092 0.330132 -0.248104
0.000229 0.317462 -0.268606
-0.03827 0.309398 -0.243326

-0.03827 0.309398 -0.243326
-0.032501 0.375627 -0.21133
0.009092 0.330132 -0.248104

-0.032501 0.375627 -0.21133
0.024194 0.389188 -0.208672
0.009092 0.330132 -0.248104

0.009092 0.330132 -0.248104
0.024194 0.389188 -0.208672
0.076854 0.296632 -0.207909

0.076854 0.296632 -0.207909
0.057782 0.296931 -0.243759
0.009092 0.330132 -0.248104

-0.111484 0.20841 -0.334764
-0.081992 0.251528 -0.334223
-0.060691 0.218972 -0.381204

-0.081992 0.251528 -0.334223
-0.104892 0.248145 -0.29096
-0.066532 0.272357 -0.308643

-0.111484 0.20841 -0.334764
-0.104892 0.248145 -0.29096
-0.081992 0.251528 -0.334223

-0.03827 0.309398 -0.243326
-0.066532 0.272357 -0.308643
-0.104892 0.248145 -0.29096

-0.03827 0.309398 -0.243326
0.000229 0.317462 -0.268606
-0.066532 0.272357 -0.308643

0.000939 0.301014 -0.316219
-0.066532 0.272357 -0.308643
0.000229 0.317462 -0.268606

0.00118 0.250329 -0.383665
0.000194 0.281005 -0.350209
0.073463 0.264698 -0.323277

0.058647 0.216323 -0.384296
0.00118 0.250329 -0.383665
0.073463 0.264698 -0.323277

0.000687 0.185798 -0.440814
-0.060691 0.218972 -0.381204
0.00118 0.250329 -0.383665

-0.060691 0.218972 -0.381204
-0.081992 0.251528 -0.334223
0.00118 0.250329 -0.383665

0.00118 0.250329 -0.383665
-0.081992 0.251528 -0.334223
0.000194 0.281005 -0.350209

-0.081992 0.251528 -0.334223
-0.066532 0.272357 -0.308643
0.000194 0.281005 -0.350209

0.000194 0.281005 -0.350209
-0.066532 0.272357 -0.308643
0.000939 0.301014 -0.316219

0.073463 0.264698 -0.323277
0.000194 0.281005 -0.350209
0.000939 0.301014 -0.316219

0.073247 0.038206 -0.194283
0.114937 0.08279 -0.192189
0.114154 0.054592 -0.148176

0.147587 0.105546 -0.117287
0.114154 0.054592 -0.148176
0.114937 0.08279 -0.192189

0.114164 0.041084 -0.057467
0.114154 0.054592 -0.148176
0.147587 0.105546 -0.117287

0.085506 0.016928 -0.104439
0.114154 0.054592 -0.148176
0.114164 0.041084 -0.057467

0.073247 0.038206 -0.194283
0.114154 0.054592 -0.148176
0.085506 0.016928 -0.104439

0.057849 0.133657 -0.412838
0.096862 0.133654 -0.38763
0.068704 0.00757 -0.414595

0.057849 0.133657 -0.412838
0.058647 0.216323 -0.384296
0.096862 0.133654 -0.38763

0.058647 0.216323 -0.384296
0.100656 0.232383 -0.333107
0.096862 0.133654 -0.38763

0.100656 0.232383 -0.333107
0.121493 0.155213 -0.349681
0.096862 0.133654 -0.38763

0.096862 0.133654 -0.38763
0.071522 -0.038778 -0.4196
0.068704 0.00757 -0.414595

0.028398 0.140068 -0.419655
0.057849 0.133657 -0.412838
0.068704 0.00757 -0.414595

0.023218 0.421964 -0.174976
0.024194 0.389188 -0.208672
-0.006029 0.427445 -0.175819

0.024194 0.389188 -0.208672
-0.032501 0.375627 -0.21133
-0.006029 0.427445 -0.175819

0.068515 0.381152 -0.162548
0.024194 0.389188 -0.208672
0.023218 0.421964 -0.174976

0.001848 0.408132 -0.068697
0.008053 0.433259 -0.131347
-0.025926 0.424898 -0.12127

0.001848 0.408132 -0.068697
0.03412 0.403666 -0.083569
0.008053 0.433259 -0.131347

-0.025926 0.424898 -0.12127
0.008053 0.433259 -0.131347
-0.006029 0.427445 -0.175819

-0.006029 0.427445 -0.175819
0.008053 0.433259 -0.131347
0.023218 0.421964 -0.174976

-0.028067 0.399287 -0.072105
-0.025926 0.424898 -0.12127
-0.058718 0.39855 -0.126397

-0.028067 0.399287 -0.072105
0.001848 0.408132 -0.068697
-0.025926 0.424898 -0.12127

0.075395 0.361104 -0.115129
0.068515 0.381152 -0.162548
0.051491 0.409612 -0.143136

0.101935 0.288831 -0.09424
0.068515 0.381152 -0.162548
0.075395 0.361104 -0.115129

0.051491 0.409612 -0.143136
0.068515 0.381152 -0.162548
0.023218 0.421964 -0.174976

0.008053 0.433259 -0.131347
0.051491 0.409612 -0.143136
0.023218 0.421964 -0.174976

0.03412 0.403666 -0.083569
0.075395 0.361104 -0.115129
0.051491 0.409612 -0.143136

0.051491 0.409612 -0.143136
0.008053 0.433259 -0.131347
0.03412 0.403666 -0.083569

-0.048788 0.407681 -0.164104
-0.032501 0.375627 -0.21133
-0.072227 0.370872 -0.166587

-0.072227 0.370872 -0.166587
-0.058718 0.39855 -0.126397
-0.048788 0.407681 -0.164104

-0.072227 0.370872 -0.166587
-0.032501 0.375627 -0.21133
-0.059273 0.307118 -0.22224

-0.072227 0.370872 -0.166587
-0.059273 0.307118 -0.22224
-0.102027 0.283139 -0.169458

-0.048788 0.407681 -0.164104
-0.058718 0.39855 -0.126397
-0.025926 0.424898 -0.12127

-0.048788 0.407681 -0.164104
-0.025926 0.424898 -0.12127
-0.006029 0.427445 -0.175819

-0.006029 0.427445 -0.175819
-0.032501 0.375627 -0.21133
-0.048788 0.407681 -0.164104

-0.101889 0.291658 -0.112167
-0.091378 0.294032 -0.064496
-0.058718 0.39855 -0.126397

-0.140218 0.21584 -0.058806
-0.091378 0.294032 -0.064496
-0.101889 0.291658 -0.112167

-0.101497 0.234997 0.006203
-0.091378 0.294032 -0.064496
-0.140218 0.21584 -0.058806

-0.072227 0.370872 -0.166587
-0.101889 0.291658 -0.112167
-0.058718 0.39855 -0.126397

-0.072227 0.370872 -0.166587
-0.102027 0.283139 -0.169458
-0.101889 0.291658 -0.112167

0.109722 0.195681 0.022655
0.101023 0.235774 0.007536
0.081166 0.265111 0.070662

0.101023 0.235774 0.007536
0.06147 0.308462 0.040411
0.081166 0.265111 0.070662

0.081166 0.265111 0.070662
0.113798 0.167946 0.02407
0.109722 0.195681 0.022655

0.002821 0.333483 0.103939
0.005642 0.343714 0.062071
-0.02424 0.339184 0.063017

0.032943 0.334836 0.070167
0.005642 0.343714 0.062071
0.002821 0.333483 0.103939

-0.024353 0.322013 0.108648
-0.02424 0.339184 0.063017
-0.058711 0.310925 0.047559

-0.02424 0.339184 0.063017
-0.024353 0.322013 0.108648
0.002821 0.333483 0.103939

0.003943 0.342025 -0.005276
0.03412 0.403666 -0.083569
0.001848 0.408132 -0.068697

0.003943 0.342025 -0.005276
0.001848 0.408132 -0.068697
-0.028067 0.399287 -0.072105

0.032943 0.334836 0.070167
0.023973 0.331245 0.013278
0.005642 0.343714 0.062071

0.06147 0.308462 0.040411
0.023973 0.331245 0.013278
0.032943 0.334836 0.070167

0.059262 0.307866 -0.000959
0.101023 0.235774 0.007536
0.058578 0.318965 -0.022311

0.075395 0.361104 -0.115129
0.058578 0.318965 -0.022311
0.101935 0.288831 -0.09424

0.075395 0.361104 -0.115129
0.03412 0.403666 -0.083569
0.058578 0.318965 -0.022311

0.058578 0.318965 -0.022311
0.03412 0.403666 -0.083569
0.003943 0.342025 -0.005276

0.058578 0.318965 -0.022311
0.003943 0.342025 -0.005276
0.059262 0.307866 -0.000959

0.023973 0.331245 0.013278
0.059262 0.307866 -0.000959
0.003943 0.342025 -0.005276

0.06147 0.308462 0.040411
0.059262 0.307866 -0.000959
0.023973 0.331245 0.013278

0.059262 0.307866 -0.000959
0.06147 0.308462 0.040411
0.101023 0.235774 0.007536

0.130599 0.18764 -0.287254
0.134994 0.146644 -0.299055
0.121493 0.155213 -0.349681

0.121333 0.207187 -0.193519
0.134994 0.146644 -0.299055
0.130599 0.18764 -0.287254

0.100656 0.232383 -0.333107
0.130599 0.18764 -0.287254
0.121493 0.155213 -0.349681

0.107227 0.243998 -0.291943
0.130599 0.18764 -0.287254
0.100656 0.232383 -0.333107

0.121333 0.207187 -0.193519
0.130599 0.18764 -0.287254
0.107227 0.243998 -0.291943

0.028654 0.22533 0.354595
0.000581 0.187293 0.34532
0.000158 0.134429 0.295721

0.028654 0.22533 0.354595
0.000927 0.265063 0.371465
0.000581 0.187293 0.34532

0.028654 0.22533 0.354595
0.000158 0.134429 0.295721
0.04331 0.147216 0.268722

0.048363 0.019136 0.108321
0.00205 0.004683 0.10893
0.019224 0.007118 0.089804

0.019224 0.007118 0.089804
0.00205 0.004683 0.10893
0.011884 0.003602 0.054641

0.019224 0.007118 0.089804
0.034064 -0.02445 0.083893
0.048363 0.019136 0.108321

0.048363 0.019136 0.108321
0.034064 -0.02445 0.083893
0.067202 -0.019747 0.10233

0.019224 0.007118 0.089804
0.011884 0.003602 0.054641
0.034064 -0.02445 0.083893

0.097627 0.078791 0.115415
0.083339 0.027153 0.105413
0.103224 0.031413 0.071081

0.097627 0.078791 0.115415
0.103224 0.031413 0.071081
0.127524 0.092778 0.086519

0.097627 0.078791 0.115415
0.127524 0.092778 0.086519
0.112772 0.157805 0.123528

0.097627 0.078791 0.115415
0.112772 0.157805 0.123528
0.095812 0.141494 0.168852

0.048363 0.019136 0.108321
0.067202 -0.019747 0.10233
0.083339 0.027153 0.105413

0.067202 -0.019747 0.10233
0.094247 -0.050887 0.072648
0.083339 0.027153 0.105413

0.103224 0.031413 0.071081
0.083339 0.027153 0.105413
0.094247 -0.050887 0.072648

0.041417 0.043385 0.141505
0.021553 0.02725 0.1437
0.048363 0.019136 0.108321

0.00205 0.004683 0.10893
0.021553 0.02725 0.1437
-0.021231 0.018625 0.134466

0.021553 0.02725 0.1437
0.00205 0.004683 0.10893
0.048363 0.019136 0.108321

0.048363 0.019136 0.108321
0.083339 0.027153 0.105413
0.041417 0.043385 0.141505

0.000799 0.071134 0.185336
0.021553 0.02725 0.1437
0.024211 0.079203 0.185907

0.041417 0.043385 0.141505
0.024211 0.079203 0.185907
0.021553 0.02725 0.1437

0.024211 0.079203 0.185907
0.04331 0.147216 0.268722
0.000158 0.134429 0.295721

0.000799 0.071134 0.185336
0.024211 0.079203 0.185907
0.000158 0.134429 0.295721

0.000158 0.134429 0.295721
-0.024724 0.079316 0.185565
0.000799 0.071134 0.185336

-0.021231 0.018625 0.134466
0.000799 0.071134 0.185336
-0.024724 0.079316 0.185565

0.021553 0.02725 0.1437
0.000799 0.071134 0.185336
-0.021231 0.018625 0.134466

0.09174 0.084892 0.145898
0.083339 0.027153 0.105413
0.097627 0.078791 0.115415

0.095812 0.141494 0.168852
0.078266 0.059446 0.141568
0.09174 0.084892 0.145898

0.095812 0.141494 0.168852
0.09174 0.084892 0.145898
0.097627 0.078791 0.115415

0.09174 0.084892 0.145898
0.078266 0.059446 0.141568
0.083339 0.027153 0.105413

0.041417 0.043385 0.141505
0.083339 0.027153 0.105413
0.078266 0.059446 0.141568

0.060947 0.141259 0.191786
0.078266 0.059446 0.141568
0.095812 0.141494 0.168852

0.060947 0.141259 0.191786
0.095812 0.141494 0.168852
0.061899 0.180781 0.195127

0.060947 0.141259 0.191786
0.04331 0.147216 0.268722
0.049273 0.103241 0.177686

0.049273 0.103241 0.177686
0.04331 0.147216 0.268722
0.024211 0.079203 0.185907

0.041417 0.043385 0.141505
0.049273 0.103241 0.177686
0.024211 0.079203 0.185907

0.049273 0.103241 0.177686
0.078266 0.059446 0.141568
0.060947 0.141259 0.191786

0.049273 0.103241 0.177686
0.041417 0.043385 0.141505
0.078266 0.059446 0.141568

-0.12319 0.056182 -0.108079
-0.086154 0.015235 -0.080169
-0.107486 0.037052 -0.047848

-0.107486 0.037052 -0.047848
-0.086154 0.015235 -0.080169
-0.085584 0.03517 0.006725

-0.12319 0.056182 -0.108079
-0.107486 0.037052 -0.047848
-0.131843 0.075788 -0.033055

-0.131843 0.075788 -0.033055
-0.107486 0.037052 -0.047848
-0.085584 0.03517 0.006725

-0.153325 0.133482 -0.108489
-0.131843 0.075788 -0.033055
-0.146021 0.161846 -0.033537

-0.153325 0.133482 -0.108489
-0.141649 0.133636 -0.162474
-0.14428 0.098061 -0.120235

-0.141649 0.133636 -0.162474
-0.105623 0.066375 -0.190256
-0.14428 0.098061 -0.120235

-0.14428 0.098061 -0.120235
-0.131843 0.075788 -0.033055
-0.153325 0.133482 -0.108489

-0.12319 0.056182 -0.108079
-0.14428 0.098061 -0.120235
-0.105623 0.066375 -0.190256

-0.12319 0.056182 -0.108079
-0.131843 0.075788 -0.033055
-0.14428 0.098061 -0.120235

-0.113854 0.166985 0.024458
-0.119358 0.196085 0.091414
-0.081768 0.264451 0.071347

-0.131159 0.106729 0.042869
-0.119358 0.196085 0.091414
-0.113854 0.166985 0.024458

-0.131159 0.106729 0.042869
-0.131308 0.101098 0.083349
-0.119358 0.196085 0.091414

0.117369 0.203773 0.092914
0.081166 0.265111 0.070662
0.09879 0.229394 0.121381

0.09879 0.229394 0.121381
0.095305 0.197626 0.159293
0.117369 0.203773 0.092914

0.095305 0.197626 0.159293
0.112772 0.157805 0.123528
0.117369 0.203773 0.092914

0.112772 0.157805 0.123528
0.127524 0.092778 0.086519
0.117369 0.203773 0.092914

0.117369 0.203773 0.092914
0.127524 0.092778 0.086519
0.134013 0.111832 0.050446

0.113798 0.167946 0.02407
0.117369 0.203773 0.092914
0.134013 0.111832 0.050446

0.113798 0.167946 0.02407
0.081166 0.265111 0.070662
0.117369 0.203773 0.092914

0.010463 4e-06 -0.402867
0.012109 -0.01087 -0.387
0.002868 0.12685 -0.378058

0.017842 0.044027 -0.40405
0.010463 4e-06 -0.402867
0.002868 0.12685 -0.378058

0.010463 4e-06 -0.402867
0.024871 -0.073005 -0.438567
0.012109 -0.01087 -0.387

0.024871 -0.073005 -0.438567
0.010463 4e-06 -0.402867
0.017842 0.044027 -0.40405

-0.126051 0.157942 -0.228322
-0.125424 0.115801 -0.27055
-0.102295 0.096745 -0.255288

-0.126051 0.157942 -0.228322
-0.132045 0.129227 -0.293391
-0.125424 0.115801 -0.27055

-0.130381 0.188129 -0.286636
-0.132045 0.129227 -0.293391
-0.126051 0.157942 -0.228322

-0.061489 0.026928 -0.41526
-0.023286 0.104304 -0.415128
-0.032293 0.009235 -0.417353

-0.032293 0.009235 -0.417353
-0.023286 0.104304 -0.415128
-0.014564 0.030169 -0.403737

-0.014564 0.030169 -0.403737
-0.023286 0.104304 -0.415128
-0.003372 0.13525 -0.388882

-0.05881 -0.202045 -0.469162
-0.055062 -0.170688 -0.451339
-0.053766 -0.151429 -0.451218

-0.039219 -0.143117 -0.468763
-0.036412 -0.193413 -0.487065
-0.053766 -0.151429 -0.451218

-0.053766 -0.151429 -0.451218
-0.036412 -0.193413 -0.487065
-0.05881 -0.202045 -0.469162

-0.050229 -0.169703 -0.435132
-0.055062 -0.170688 -0.451339
-0.05881 -0.202045 -0.469162

-0.104601 0.035864 -0.279849
-0.078229 -0.018605 -0.304744
-0.08694 0.048668 -0.267218

-0.102295 0.096745 -0.255288
-0.104601 0.035864 -0.279849
-0.08694 0.048668 -0.267218

-0.102295 0.096745 -0.255288
-0.125424 0.115801 -0.27055
-0.104601 0.035864 -0.279849

-0.117669 0.002257 -0.344358
-0.105987 -0.023505 -0.333198
-0.116914 0.01877 -0.306594

-0.041245 -0.147762 -0.41482
-0.078229 -0.018605 -0.304744
-0.105987 -0.023505 -0.333198

-0.078229 -0.018605 -0.304744
-0.104601 0.035864 -0.279849
-0.105987 -0.023505 -0.333198

-0.105987 -0.023505 -0.333198
-0.104601 0.035864 -0.279849
-0.116914 0.01877 -0.306594

-0.125424 0.115801 -0.27055
-0.116914 0.01877 -0.306594
-0.104601 0.035864 -0.279849

-0.116914 0.01877 -0.306594
-0.125424 0.115801 -0.27055
-0.132045 0.129227 -0.293391

-0.117669 0.002257 -0.344358
-0.116914 0.01877 -0.306594
-0.132045 0.129227 -0.293391

-0.055062 -0.170688 -0.451339
-0.050229 -0.169703 -0.435132
-0.074616 -0.097275 -0.394124

-0.050229 -0.169703 -0.435132
-0.041245 -0.147762 -0.41482
-0.074616 -0.097275 -0.394124

-0.074616 -0.097275 -0.394124
-0.041245 -0.147762 -0.41482
-0.105987 -0.023505 -0.333198

-0.079735 -0.076079 -0.398276
-0.074616 -0.097275 -0.394124
-0.117669 0.002257 -0.344358

-0.074616 -0.097275 -0.394124
-0.105987 -0.023505 -0.333198
-0.117669 0.002257 -0.344358

-0.079735 -0.076079 -0.398276
-0.117669 0.002257 -0.344358
-0.099626 -0.008411 -0.386912

-0.053766 -0.151429 -0.451218
-0.074616 -0.097275 -0.394124
-0.079735 -0.076079 -0.398276

-0.055062 -0.170688 -0.451339
-0.074616 -0.097275 -0.394124
-0.053766 -0.151429 -0.451218

-0.039219 -0.143117 -0.468763
-0.053766 -0.151429 -0.451218
-0.079735 -0.076079 -0.398276

-0.059786 -0.041097 -0.428501
-0.039219 -0.143117 -0.468763
-0.069326 -0.049146 -0.422014

-0.039219 -0.143117 -0.468763
-0.079735 -0.076079 -0.398276
-0.069326 -0.049146 -0.422014

-0.079735 -0.076079 -0.398276
-0.099626 -0.008411 -0.386912
-0.069326 -0.049146 -0.422014

-0.069326 -0.049146 -0.422014
-0.099626 -0.008411 -0.386912
-0.103724 0.141168 -0.379594

-0.059786 -0.041097 -0.428501
-0.069326 -0.049146 -0.422014
-0.061489 0.026928 -0.41526

-0.103724 0.141168 -0.379594
-0.061489 0.026928 -0.41526
-0.069326 -0.049146 -0.422014

-0.061489 0.026928 -0.41526
-0.032293 0.009235 -0.417353
-0.059786 -0.041097 -0.428501

-0.103484 0.02989 0.070478
-0.124249 0.064329 0.048859
-0.095313 0.026502 0.041544

-0.095313 0.026502 0.041544
-0.124249 0.064329 0.048859
-0.065357 0.001449 0.024503

-0.085584 0.03517 0.006725
-0.065357 0.001449 0.024503
-0.124249 0.064329 0.048859

-0.067602 -0.096103 0.010505
-0.095313 0.026502 0.041544
-0.065357 0.001449 0.024503

-0.049491 0.007798 -0.01297
-0.065357 0.001449 0.024503
-0.085584 0.03517 0.006725

-0.049491 0.007798 -0.01297
-0.045003 -0.009022 0.026575
-0.065357 0.001449 0.024503

-0.035992 -0.094607 0.01423
-0.065357 0.001449 0.024503
-0.045003 -0.009022 0.026575

-0.035992 -0.094607 0.01423
-0.067602 -0.096103 0.010505
-0.065357 0.001449 0.024503

-0.044657 -0.214381 0.022813
-0.075389 -0.028116 0.098497
-0.093035 -0.068483 0.061596

-0.093035 -0.068483 0.061596
-0.103484 0.02989 0.070478
-0.099127 -0.049082 0.046123

-0.075389 -0.028116 0.098497
-0.103484 0.02989 0.070478
-0.093035 -0.068483 0.061596

-0.099127 -0.049082 0.046123
-0.103484 0.02989 0.070478
-0.095313 0.026502 0.041544

-0.044657 -0.214381 0.022813
-0.093035 -0.068483 0.061596
-0.099127 -0.049082 0.046123

-0.099127 -0.049082 0.046123
-0.095313 0.026502 0.041544
-0.067602 -0.096103 0.010505

-0.067602 -0.096103 0.010505
-0.040286 -0.212215 0.008574
-0.099127 -0.049082 0.046123

-0.040286 -0.212215 0.008574
-0.044657 -0.214381 0.022813
-0.099127 -0.049082 0.046123

-0.023249 0.28682 0.365496
-0.042609 0.267783 0.343149
-0.02777 0.224863 0.353405

0.000927 0.265063 0.371465
-0.023249 0.28682 0.365496
-0.02777 0.224863 0.353405

-0.02777 0.224863 0.353405
0.000581 0.187293 0.34532
0.000927 0.265063 0.371465

-0.008133 0.382854 0.370006
-0.042609 0.267783 0.343149
-0.023249 0.28682 0.365496

-0.02777 0.224863 0.353405
-0.042609 0.149242 0.270335
-0.027842 0.173061 0.317116

-0.027842 0.173061 0.317116
-0.042609 0.149242 0.270335
0.000158 0.134429 0.295721

-0.042609 0.267783 0.343149
-0.042609 0.149242 0.270335
-0.02777 0.224863 0.353405

-0.050244 0.229086 0.289603
-0.042609 0.149242 0.270335
-0.042609 0.267783 0.343149

-0.063331 0.155537 0.192009
-0.042609 0.149242 0.270335
-0.050244 0.229086 0.289603

-0.053357 0.118272 0.185082
-0.042609 0.149242 0.270335
-0.063331 0.155537 0.192009

-0.053357 0.118272 0.185082
-0.024724 0.079316 0.185565
-0.042609 0.149242 0.270335

-0.042609 0.149242 0.270335
-0.024724 0.079316 0.185565
0.000158 0.134429 0.295721

0.000581 0.187293 0.34532
-0.027842 0.173061 0.317116
0.000158 0.134429 0.295721

-0.02777 0.224863 0.353405
-0.027842 0.173061 0.317116
0.000581 0.187293 0.34532

0.119985 -0.470608 -0.35138
0.083998 -0.468251 -0.373742
0.085755 -0.484957 -0.370052

0.083998 -0.468251 -0.373742
0.094839 -0.454729 -0.408435
0.083347 -0.449283 -0.393927

0.083998 -0.468251 -0.373742
0.119985 -0.470608 -0.35138
0.094839 -0.454729 -0.408435

0.078727 -0.471226 -0.339286
0.065117 -0.474467 -0.330716
0.085778 -0.487877 -0.329805

0.085755 -0.484957 -0.370052
0.078727 -0.471226 -0.339286
0.085778 -0.487877 -0.329805

0.083998 -0.468251 -0.373742
0.078727 -0.471226 -0.339286
0.085755 -0.484957 -0.370052

0.065117 -0.474467 -0.330716
0.078727 -0.471226 -0.339286
0.083998 -0.468251 -0.373742

0.083347 -0.449283 -0.393927
0.065117 -0.474467 -0.330716
0.083998 -0.468251 -0.373742

0.085778 -0.487877 -0.329805
0.065117 -0.474467 -0.330716
0.05431 -0.487512 -0.337335

0.05431 -0.487512 -0.337335
0.050731 -0.454093 -0.399973
0.037848 -0.483545 -0.400179

0.065117 -0.474467 -0.330716
0.050731 -0.454093 -0.399973
0.05431 -0.487512 -0.337335

0.083347 -0.449283 -0.393927
0.055385 -0.446542 -0.388207
0.050731 -0.454093 -0.399973

0.050731 -0.454093 -0.399973
0.061955 -0.45354 -0.42938
0.037848 -0.483545 -0.400179

0.083347 -0.449283 -0.393927
0.050731 -0.454093 -0.399973
0.065117 -0.474467 -0.330716

0.085479 -0.435411 -0.440036
0.096111 -0.425768 -0.423417
0.094839 -0.454729 -0.408435

0.083347 -0.449283 -0.393927
0.094839 -0.454729 -0.408435
0.096111 -0.425768 -0.423417

0.061955 -0.45354 -0.42938
0.085479 -0.435411 -0.440036
0.094839 -0.454729 -0.408435

0.062912 -0.365615 -0.429389
0.050733 -0.302608 -0.441478
0.0316 -0.363995 -0.428665

0.055385 -0.446542 -0.388207
0.062912 -0.365615 -0.429389
0.0316 -0.363995 -0.428665

0.083347 -0.449283 -0.393927
0.062912 -0.365615 -0.429389
0.055385 -0.446542 -0.388207

0.083347 -0.449283 -0.393927
0.096111 -0.425768 -0.423417
0.062912 -0.365615 -0.429389

0.060509 -0.199389 -0.467242
0.048092 -0.222233 -0.44494
0.051603 -0.245579 -0.468643

0.051603 -0.245579 -0.468643
0.048092 -0.222233 -0.44494
0.050733 -0.302608 -0.441478

0.014848 -0.20286 -0.44265
0.000621 -0.199434 -0.461623
0.026647 -0.252397 -0.443274

0.026647 -0.252397 -0.443274
0.000621 -0.199434 -0.461623
0.011588 -0.247949 -0.47054

0.0316 -0.363995 -0.428665
0.050733 -0.302608 -0.441478
0.026647 -0.252397 -0.443274

0.026647 -0.252397 -0.443274
0.048092 -0.222233 -0.44494
0.014848 -0.20286 -0.44265

0.050733 -0.302608 -0.441478
0.048092 -0.222233 -0.44494
0.026647 -0.252397 -0.443274

0.014848 -0.20286 -0.44265
0.048092 -0.222233 -0.44494
0.031101 -0.172741 -0.430742

0.048961 -0.176293 -0.437515
0.056139 -0.167394 -0.452056
0.067478 -0.105615 -0.387575

0.048961 -0.176293 -0.437515
0.067478 -0.105615 -0.387575
0.040403 -0.129802 -0.400964

0.031101 -0.172741 -0.430742
0.048961 -0.176293 -0.437515
0.040403 -0.129802 -0.400964

0.048092 -0.222233 -0.44494
0.048961 -0.176293 -0.437515
0.031101 -0.172741 -0.430742

0.060509 -0.199389 -0.467242
0.048961 -0.176293 -0.437515
0.048092 -0.222233 -0.44494

0.048961 -0.176293 -0.437515
0.060509 -0.199389 -0.467242
0.056139 -0.167394 -0.452056

0.11831 0.035436 -0.298824
0.100654 0.040351 -0.274579
0.107396 -0.012101 -0.319277

0.075724 0.049575 -0.268853
0.100654 0.040351 -0.274579
0.091278 0.093995 -0.255355

0.073247 0.038206 -0.194283
0.087904 0.09934 -0.244804
0.114937 0.08279 -0.192189

0.114141 0.100445 -0.26103
0.121864 0.137866 -0.237537
0.115419 0.162344 -0.207122

0.121333 0.207187 -0.193519
0.115419 0.162344 -0.207122
0.121864 0.137866 -0.237537

0.087904 0.09934 -0.244804
0.114141 0.100445 -0.26103
0.115419 0.162344 -0.207122

0.091278 0.093995 -0.255355
0.114141 0.100445 -0.26103
0.087904 0.09934 -0.244804

0.091278 0.093995 -0.255355
0.100654 0.040351 -0.274579
0.114141 0.100445 -0.26103

0.114141 0.100445 -0.26103
0.100654 0.040351 -0.274579
0.11831 0.035436 -0.298824

0.121333 0.207187 -0.193519
0.126635 0.098702 -0.288935
0.134994 0.146644 -0.299055

0.121864 0.137866 -0.237537
0.126635 0.098702 -0.288935
0.121333 0.207187 -0.193519

0.121864 0.137866 -0.237537
0.114141 0.100445 -0.26103
0.126635 0.098702 -0.288935

0.126635 0.098702 -0.288935
0.114141 0.100445 -0.26103
0.11831 0.035436 -0.298824

0.126635 0.098702 -0.288935
0.122007 0.072745 -0.33614
0.134994 0.146644 -0.299055

0.134994 0.146644 -0.299055
0.122007 0.072745 -0.33614
0.121493 0.155213 -0.349681

0.107396 -0.012101 -0.319277
0.108252 -0.024266 -0.353029
0.119381 0.010858 -0.342042

0.119381 0.010858 -0.342042
0.122007 0.072745 -0.33614
0.126635 0.098702 -0.288935

0.11831 0.035436 -0.298824
0.119381 0.010858 -0.342042
0.126635 0.098702 -0.288935

0.107396 -0.012101 -0.319277
0.119381 0.010858 -0.342042
0.11831 0.035436 -0.298824

0.0316 -0.363995 -0.428665
0.033742 -0.436404 -0.421103
0.03605 -0.428022 -0.400289

0.033742 -0.436404 -0.421103
0.050731 -0.454093 -0.399973
0.03605 -0.428022 -0.400289

0.061955 -0.45354 -0.42938
0.050731 -0.454093 -0.399973
0.033742 -0.436404 -0.421103

0.03605 -0.428022 -0.400289
0.050731 -0.454093 -0.399973
0.055385 -0.446542 -0.388207

0.03605 -0.428022 -0.400289
0.055385 -0.446542 -0.388207
0.0316 -0.363995 -0.428665

0.024414 -0.315047 -0.452455
0.011588 -0.247949 -0.47054
0.030594 -0.315155 -0.46474

0.033742 -0.436404 -0.421103
0.024414 -0.315047 -0.452455
0.030594 -0.315155 -0.46474

0.0316 -0.363995 -0.428665
0.024414 -0.315047 -0.452455
0.033742 -0.436404 -0.421103

0.026647 -0.252397 -0.443274
0.024414 -0.315047 -0.452455
0.0316 -0.363995 -0.428665

0.026647 -0.252397 -0.443274
0.011588 -0.247949 -0.47054
0.024414 -0.315047 -0.452455

0.015498 -0.190198 -0.483057
0.00984 -0.195585 -0.497796
0.010605 -0.22976 -0.492196

0.00984 -0.195585 -0.497796
0.015498 -0.190198 -0.483057
0.023661 -0.128607 -0.461756

0.030594 -0.315155 -0.46474
0.011588 -0.247949 -0.47054
0.010605 -0.22976 -0.492196

0.011588 -0.247949 -0.47054
0.015498 -0.190198 -0.483057
0.010605 -0.22976 -0.492196

0.037809 0.029236 -0.417233
0.068704 0.00757 -0.414595
0.045774 -0.037183 -0.430423

0.037809 0.029236 -0.417233
0.045774 -0.037183 -0.430423
0.017842 0.044027 -0.40405

0.037809 0.029236 -0.417233
0.017842 0.044027 -0.40405
0.028398 0.140068 -0.419655

0.028398 0.140068 -0.419655
0.068704 0.00757 -0.414595
0.037809 0.029236 -0.417233

0.068704 0.00757 -0.414595
0.071522 -0.038778 -0.4196
0.045774 -0.037183 -0.430423

0.024871 -0.073005 -0.438567
0.045774 -0.037183 -0.430423
0.023661 -0.128607 -0.461756

0.017842 0.044027 -0.40405
0.045774 -0.037183 -0.430423
0.024871 -0.073005 -0.438567

0.049122 -0.441043 -0.441065
0.085479 -0.435411 -0.440036
0.061955 -0.45354 -0.42938

0.049122 -0.441043 -0.441065
0.061955 -0.45354 -0.42938
0.033742 -0.436404 -0.421103

0.049122 -0.441043 -0.441065
0.065404 -0.433331 -0.446859
0.085479 -0.435411 -0.440036

0.049122 -0.441043 -0.441065
0.030594 -0.315155 -0.46474
0.065404 -0.433331 -0.446859

0.049122 -0.441043 -0.441065
0.033742 -0.436404 -0.421103
0.030594 -0.315155 -0.46474

0.05598 -0.316711 -0.457414
0.045577 -0.307755 -0.467366
0.051603 -0.245579 -0.468643

0.051603 -0.245579 -0.468643
0.050733 -0.302608 -0.441478
0.05598 -0.316711 -0.457414

0.05598 -0.316711 -0.457414
0.050733 -0.302608 -0.441478
0.062912 -0.365615 -0.429389

0.05598 -0.316711 -0.457414
0.062912 -0.365615 -0.429389
0.096111 -0.425768 -0.423417

0.085479 -0.435411 -0.440036
0.045577 -0.307755 -0.467366
0.05598 -0.316711 -0.457414

0.085479 -0.435411 -0.440036
0.05598 -0.316711 -0.457414
0.096111 -0.425768 -0.423417

0.065404 -0.433331 -0.446859
0.045577 -0.307755 -0.467366
0.085479 -0.435411 -0.440036

0.065404 -0.433331 -0.446859
0.030594 -0.315155 -0.46474
0.045577 -0.307755 -0.467366

0.030477 -0.239109 -0.489905
0.010605 -0.22976 -0.492196
0.028599 -0.197927 -0.501069

0.051603 -0.245579 -0.468643
0.030477 -0.239109 -0.489905
0.060509 -0.199389 -0.467242

0.030477 -0.239109 -0.489905
0.051603 -0.245579 -0.468643
0.045577 -0.307755 -0.467366

0.045577 -0.307755 -0.467366
0.030594 -0.315155 -0.46474
0.030477 -0.239109 -0.489905

0.030594 -0.315155 -0.46474
0.010605 -0.22976 -0.492196
0.030477 -0.239109 -0.489905

0.010605 -0.22976 -0.492196
0.00984 -0.195585 -0.497796
0.028599 -0.197927 -0.501069

0.039175 -0.152327 -0.473454
0.028599 -0.197927 -0.501069
0.00984 -0.195585 -0.497796

0.023661 -0.128607 -0.461756
0.039175 -0.152327 -0.473454
0.00984 -0.195585 -0.497796

0.045774 -0.037183 -0.430423
0.039175 -0.152327 -0.473454
0.023661 -0.128607 -0.461756

0.071522 -0.038778 -0.4196
0.039175 -0.152327 -0.473454
0.045774 -0.037183 -0.430423

0.060509 -0.199389 -0.467242
0.035867 -0.193626 -0.487797
0.056139 -0.167394 -0.452056

0.060509 -0.199389 -0.467242
0.030477 -0.239109 -0.489905
0.035867 -0.193626 -0.487797

0.035867 -0.193626 -0.487797
0.028599 -0.197927 -0.501069
0.039175 -0.152327 -0.473454

0.028599 -0.197927 -0.501069
0.035867 -0.193626 -0.487797
0.030477 -0.239109 -0.489905

0.070992 -0.086251 -0.411188
0.108252 -0.024266 -0.353029
0.07575 -0.094881 -0.399603

0.039175 -0.152327 -0.473454
0.070992 -0.086251 -0.411188
0.035867 -0.193626 -0.487797

0.071522 -0.038778 -0.4196
0.070992 -0.086251 -0.411188
0.039175 -0.152327 -0.473454

0.07575 -0.094881 -0.399603
0.108252 -0.024266 -0.353029
0.107396 -0.012101 -0.319277

0.067478 -0.105615 -0.387575
0.07575 -0.094881 -0.399603
0.107396 -0.012101 -0.319277

0.056139 -0.167394 -0.452056
0.070992 -0.086251 -0.411188
0.07575 -0.094881 -0.399603

0.035867 -0.193626 -0.487797
0.070992 -0.086251 -0.411188
0.056139 -0.167394 -0.452056

0.056139 -0.167394 -0.452056
0.07575 -0.094881 -0.399603
0.067478 -0.105615 -0.387575

0.098797 -0.012777 -0.38733
0.108252 -0.024266 -0.353029
0.070992 -0.086251 -0.411188

0.098797 -0.012777 -0.38733
0.071522 -0.038778 -0.4196
0.113094 0.067118 -0.36781

0.070992 -0.086251 -0.411188
0.071522 -0.038778 -0.4196
0.098797 -0.012777 -0.38733

0.096862 0.133654 -0.38763
0.113094 0.067118 -0.36781
0.071522 -0.038778 -0.4196

0.121493 0.155213 -0.349681
0.113094 0.067118 -0.36781
0.096862 0.133654 -0.38763

0.121493 0.155213 -0.349681
0.122007 0.072745 -0.33614
0.113094 0.067118 -0.36781

0.113094 0.067118 -0.36781
0.119381 0.010858 -0.342042
0.098797 -0.012777 -0.38733

0.119381 0.010858 -0.342042
0.108252 -0.024266 -0.353029
0.098797 -0.012777 -0.38733

0.113094 0.067118 -0.36781
0.122007 0.072745 -0.33614
0.119381 0.010858 -0.342042

0.003943 0.342025 -0.005276
-0.028067 0.399287 -0.072105
-0.030358 0.331406 -0.009303

-0.02424 0.339184 0.063017
0.005642 0.343714 0.062071
-0.01451 0.335119 0.010735

0.005642 0.343714 0.062071
0.023973 0.331245 0.013278
-0.01451 0.335119 0.010735

0.003943 0.342025 -0.005276
-0.030358 0.331406 -0.009303
-0.01451 0.335119 0.010735

0.023973 0.331245 0.013278
0.003943 0.342025 -0.005276
-0.01451 0.335119 0.010735

-0.058711 0.310925 0.047559
-0.02424 0.339184 0.063017
-0.059106 0.306537 -0.000855

-0.01451 0.335119 0.010735
-0.059106 0.306537 -0.000855
-0.02424 0.339184 0.063017

-0.101497 0.234997 0.006203
-0.059106 0.306537 -0.000855
-0.062985 0.310301 -0.021357

-0.059106 0.306537 -0.000855
-0.030358 0.331406 -0.009303
-0.062985 0.310301 -0.021357

-0.058711 0.310925 0.047559
-0.059106 0.306537 -0.000855
-0.101497 0.234997 0.006203

-0.030358 0.331406 -0.009303
-0.059106 0.306537 -0.000855
-0.01451 0.335119 0.010735

-0.062985 0.310301 -0.021357
-0.030358 0.331406 -0.009303
-0.028067 0.399287 -0.072105

-0.028067 0.399287 -0.072105
-0.058718 0.39855 -0.126397
-0.062985 0.310301 -0.021357

-0.062985 0.310301 -0.021357
-0.058718 0.39855 -0.126397
-0.091378 0.294032 -0.064496

-0.062985 0.310301 -0.021357
-0.091378 0.294032 -0.064496
-0.101497 0.234997 0.006203

-0.150566 0.185595 -0.137266
-0.140218 0.21584 -0.058806
-0.14154 0.216806 -0.138699

-0.101889 0.291658 -0.112167
-0.14154 0.216806 -0.138699
-0.140218 0.21584 -0.058806

-0.102027 0.283139 -0.169458
-0.14154 0.216806 -0.138699
-0.101889 0.291658 -0.112167

-0.10045 0.262125 -0.20828
-0.150566 0.185595 -0.137266
-0.14154 0.216806 -0.138699

-0.10045 0.262125 -0.20828
-0.14154 0.216806 -0.138699
-0.102027 0.283139 -0.169458

-0.121713 0.202379 -0.193066
-0.150566 0.185595 -0.137266
-0.10045 0.262125 -0.20828

-0.121713 0.202379 -0.193066
-0.141649 0.133636 -0.162474
-0.150566 0.185595 -0.137266

-0.153325 0.133482 -0.108489
-0.150566 0.185595 -0.137266
-0.141649 0.133636 -0.162474

-0.153325 0.133482 -0.108489
-0.146021 0.161846 -0.033537
-0.150566 0.185595 -0.137266

-0.146021 0.161846 -0.033537
-0.140218 0.21584 -0.058806
-0.150566 0.185595 -0.137266

0.151081 0.146981 -0.066702
0.137375 0.137113 -0.01424
0.132867 0.082795 -0.024236

0.147587 0.105546 -0.117287
0.151081 0.146981 -0.066702
0.132867 0.082795 -0.024236

0.116265 0.084854 0.013994
0.137375 0.137113 -0.01424
0.113798 0.167946 0.02407

0.132867 0.082795 -0.024236
0.137375 0.137113 -0.01424
0.116265 0.084854 0.013994

0.147587 0.105546 -0.117287
0.145225 0.148915 -0.158762
0.152561 0.15772 -0.130389

0.152561 0.15772 -0.130389
0.151081 0.146981 -0.066702
0.147587 0.105546 -0.117287

0.145225 0.148915 -0.158762
0.147587 0.105546 -0.117287
0.114937 0.08279 -0.192189

0.145225 0.148915 -0.158762
0.114937 0.08279 -0.192189
0.087904 0.09934 -0.244804

0.145225 0.148915 -0.158762
0.087904 0.09934 -0.244804
0.115419 0.162344 -0.207122

0.145225 0.148915 -0.158762
0.115419 0.162344 -0.207122
0.121333 0.207187 -0.193519

0.140392 0.176304 -0.025841
0.151081 0.146981 -0.066702
0.14623 0.199763 -0.0659

0.140392 0.176304 -0.025841
0.101023 0.235774 0.007536
0.109722 0.195681 0.022655

0.113798 0.167946 0.02407
0.140392 0.176304 -0.025841
0.109722 0.195681 0.022655

0.113798 0.167946 0.02407
0.137375 0.137113 -0.01424
0.140392 0.176304 -0.025841

0.151081 0.146981 -0.066702
0.140392 0.176304 -0.025841
0.137375 0.137113 -0.01424

0.14623 0.199763 -0.0659
0.151081 0.146981 -0.066702
0.152561 0.15772 -0.130389

0.145225 0.148915 -0.158762
0.121333 0.207187 -0.193519
0.141249 0.218063 -0.142063

0.121333 0.207187 -0.193519
0.103146 0.257621 -0.201878
0.141249 0.218063 -0.142063

0.146606 0.204524 -0.126597
0.145225 0.148915 -0.158762
0.141249 0.218063 -0.142063

0.141249 0.218063 -0.142063
0.103146 0.257621 -0.201878
0.099671 0.293259 -0.160935

0.141249 0.218063 -0.142063
0.099671 0.293259 -0.160935
0.101935 0.288831 -0.09424

0.152561 0.15772 -0.130389
0.146606 0.204524 -0.126597
0.14623 0.199763 -0.0659

0.146606 0.204524 -0.126597
0.152561 0.15772 -0.130389
0.145225 0.148915 -0.158762

0.14623 0.199763 -0.0659
0.126487 0.241326 -0.06471
0.130497 0.211868 -0.030237

0.14623 0.199763 -0.0659
0.146606 0.204524 -0.126597
0.126487 0.241326 -0.06471

0.141249 0.218063 -0.142063
0.126487 0.241326 -0.06471
0.146606 0.204524 -0.126597

0.101935 0.288831 -0.09424
0.126487 0.241326 -0.06471
0.141249 0.218063 -0.142063

0.058578 0.318965 -0.022311
0.126487 0.241326 -0.06471
0.101935 0.288831 -0.09424

0.130497 0.211868 -0.030237
0.126487 0.241326 -0.06471
0.058578 0.318965 -0.022311

0.058578 0.318965 -0.022311
0.101023 0.235774 0.007536
0.130497 0.211868 -0.030237

0.140392 0.176304 -0.025841
0.130497 0.211868 -0.030237
0.101023 0.235774 0.007536

0.14623 0.199763 -0.0659
0.130497 0.211868 -0.030237
0.140392 0.176304 -0.025841

0.015553 0.463166 0.394733
0.038186 0.435853 0.391848
0.052318 0.440999 0.371348

0.048678 0.46375 0.369729
0.015553 0.463166 0.394733
0.052318 0.440999 0.371348

0.053526 0.460733 0.328069
0.05925 0.441483 0.324121
0.045789 0.45703 0.288218

0.03764 0.47396 0.278951
0.053526 0.460733 0.328069
0.045789 0.45703 0.288218

0.04208 0.485356 0.3578
0.053526 0.460733 0.328069
0.03764 0.47396 0.278951

0.04208 0.485356 0.3578
0.048678 0.46375 0.369729
0.053526 0.460733 0.328069

0.052318 0.440999 0.371348
0.05925 0.441483 0.324121
0.053526 0.460733 0.328069

0.05261 0.388244 0.357842
0.05925 0.441483 0.324121
0.052318 0.440999 0.371348

0.052318 0.440999 0.371348
0.053526 0.460733 0.328069
0.048678 0.46375 0.369729

0.032401 0.372688 0.348859
0.040081 0.38158 0.320644
0.051263 0.391725 0.323287

0.044996 0.254102 0.292615
0.034892 0.300439 0.29097
0.040081 0.38158 0.320644

0.045789 0.45703 0.288218
0.051263 0.391725 0.323287
0.040081 0.38158 0.320644

0.040081 0.38158 0.320644
0.034892 0.300439 0.29097
0.045789 0.45703 0.288218

0.05925 0.441483 0.324121
0.051263 0.391725 0.323287
0.045789 0.45703 0.288218

0.05925 0.441483 0.324121
0.05261 0.388244 0.357842
0.051263 0.391725 0.323287

0.051263 0.391725 0.323287
0.05261 0.388244 0.357842
0.032401 0.372688 0.348859

0.035306 0.410461 0.390583
0.003006 0.391567 0.439825
0.015987 0.397336 0.381229

0.052318 0.440999 0.371348
0.035306 0.410461 0.390583
0.05261 0.388244 0.357842

0.052318 0.440999 0.371348
0.038186 0.435853 0.391848
0.035306 0.410461 0.390583

0.035306 0.410461 0.390583
0.015987 0.397336 0.381229
0.05261 0.388244 0.357842

0.015987 0.397336 0.381229
0.032401 0.372688 0.348859
0.05261 0.388244 0.357842

-0.036646 0.443553 0.387058
-0.039627 0.428582 0.45132
-0.015512 0.46324 0.394209

-0.036646 0.443553 0.387058
-0.03465 0.410129 0.391178
-0.039627 0.428582 0.45132

-0.032033 0.401832 0.476711
-0.025363 0.448662 0.463927
-0.039627 0.428582 0.45132

-0.039627 0.428582 0.45132
-0.025363 0.448662 0.463927
-0.015512 0.46324 0.394209

-0.032033 0.401832 0.476711
-0.004648 0.437176 0.482174
-0.025363 0.448662 0.463927

-0.008298 0.476337 0.394004
0.007018 0.47756 0.393678
0.004707 0.489601 0.378632

0.004707 0.489601 0.378632
-0.038925 0.485739 0.361083
-0.008298 0.476337 0.394004

-0.008298 0.476337 0.394004
-0.038925 0.485739 0.361083
-0.052103 0.474544 0.364358

-0.015512 0.46324 0.394209
-0.008298 0.476337 0.394004
-0.052103 0.474544 0.364358

0.007018 0.47756 0.393678
-0.008298 0.476337 0.394004
-0.025363 0.448662 0.463927

-0.015512 0.46324 0.394209
-0.025363 0.448662 0.463927
-0.008298 0.476337 0.394004

0.015553 0.463166 0.394733
0.048678 0.46375 0.369729
0.007018 0.47756 0.393678

0.007018 0.47756 0.393678
0.048678 0.46375 0.369729
0.04208 0.485356 0.3578

0.007018 0.47756 0.393678
0.04208 0.485356 0.3578
0.004707 0.489601 0.378632

0.027859 0.44415 0.466261
0.015553 0.463166 0.394733
0.02284 0.452325 0.461979

-0.004648 0.437176 0.482174
0.027859 0.44415 0.466261
0.02284 0.452325 0.461979

0.02284 0.452325 0.461979
0.015553 0.463166 0.394733
0.007018 0.47756 0.393678

0.007018 0.47756 0.393678
-0.025363 0.448662 0.463927
0.02284 0.452325 0.461979

-0.025363 0.448662 0.463927
-0.004648 0.437176 0.482174
0.02284 0.452325 0.461979

0.027859 0.44415 0.466261
0.038186 0.435853 0.391848
0.015553 0.463166 0.394733

0.000202 0.40875 0.442641
0.034953 0.400416 0.451108
0.037048 0.405697 0.450832

0.034953 0.400416 0.451108
0.035306 0.410461 0.390583
0.037048 0.405697 0.450832

0.000202 0.40875 0.442641
-0.002137 0.388803 0.485837
0.034953 0.400416 0.451108

0.034953 0.400416 0.451108
-0.002137 0.388803 0.485837
0.001999 0.377332 0.489519

0.001999 0.377332 0.489519
0.025084 0.387165 0.461828
0.034953 0.400416 0.451108

0.003006 0.391567 0.439825
0.034953 0.400416 0.451108
0.025084 0.387165 0.461828

0.034953 0.400416 0.451108
0.003006 0.391567 0.439825
0.035306 0.410461 0.390583

0.040201 0.428275 0.459495
0.030172 0.400078 0.47872
0.037048 0.405697 0.450832

0.035306 0.410461 0.390583
0.040201 0.428275 0.459495
0.037048 0.405697 0.450832

0.040201 0.428275 0.459495
0.035306 0.410461 0.390583
0.038186 0.435853 0.391848

0.040201 0.428275 0.459495
0.038186 0.435853 0.391848
0.027859 0.44415 0.466261

0.037048 0.405697 0.450832
0.000879 0.383907 0.499202
0.000202 0.40875 0.442641

0.030172 0.400078 0.47872
0.000879 0.383907 0.499202
0.037048 0.405697 0.450832

-0.032033 0.401832 0.476711
0.000879 0.383907 0.499202
0.000807 0.388018 0.500913

0.000879 0.383907 0.499202
0.030172 0.400078 0.47872
0.000807 0.388018 0.500913

0.030172 0.400078 0.47872
0.040201 0.428275 0.459495
0.000807 0.388018 0.500913

0.000807 0.388018 0.500913
0.040201 0.428275 0.459495
0.027859 0.44415 0.466261

0.027859 0.44415 0.466261
-0.004648 0.437176 0.482174
0.000807 0.388018 0.500913

0.000807 0.388018 0.500913
-0.004648 0.437176 0.482174
-0.032033 0.401832 0.476711

-0.033255 0.404171 0.451462
-0.002137 0.388803 0.485837
0.000202 0.40875 0.442641

-0.033255 0.404171 0.451462
0.000202 0.40875 0.442641
0.000879 0.383907 0.499202

-0.03724 0.406598 0.437918
-0.033255 0.404171 0.451462
-0.032033 0.401832 0.476711

-0.032033 0.401832 0.476711
-0.033255 0.404171 0.451462
0.000879 0.383907 0.499202

-0.039627 0.428582 0.45132
-0.03724 0.406598 0.437918
-0.032033 0.401832 0.476711

-0.039627 0.428582 0.45132
-0.03465 0.410129 0.391178
-0.03724 0.406598 0.437918

-0.000132 0.381161 0.446505
0.025084 0.387165 0.461828
-0.000695 0.376836 0.466506

-0.000695 0.376836 0.466506
0.025084 0.387165 0.461828
0.001999 0.377332 0.489519

-0.000132 0.381161 0.446505
0.003006 0.391567 0.439825
0.025084 0.387165 0.461828

-0.026284 0.390546 0.455844
-0.033255 0.404171 0.451462
-0.03724 0.406598 0.437918

0.003006 0.391567 0.439825
-0.000132 0.381161 0.446505
-0.026284 0.390546 0.455844

-0.025714 0.388293 0.470458
-0.026284 0.390546 0.455844
-0.000695 0.376836 0.466506

-0.000695 0.376836 0.466506
-0.026284 0.390546 0.455844
-0.000132 0.381161 0.446505

0.001999 0.377332 0.489519
-0.025714 0.388293 0.470458
-0.000695 0.376836 0.466506

-0.002137 0.388803 0.485837
-0.025714 0.388293 0.470458
0.001999 0.377332 0.489519

-0.025714 0.388293 0.470458
-0.033255 0.404171 0.451462
-0.026284 0.390546 0.455844

-0.033255 0.404171 0.451462
-0.025714 0.388293 0.470458
-0.002137 0.388803 0.485837

-0.015711 0.397809 0.380518
-0.001918 0.391492 0.409865
-0.012846 0.398144 0.430533

-0.001918 0.391492 0.409865
-0.015711 0.397809 0.380518
-0.008133 0.382854 0.370006

-0.012846 0.398144 0.430533
-0.001918 0.391492 0.409865
0.003006 0.391567 0.439825

0.015987 0.397336 0.381229
0.003006 0.391567 0.439825
-0.001918 0.391492 0.409865

-0.026284 0.390546 0.455844
-0.012846 0.398144 0.430533
0.003006 0.391567 0.439825

-0.026284 0.390546 0.455844
-0.03724 0.406598 0.437918
-0.012846 0.398144 0.430533

-0.03465 0.410129 0.391178
-0.012846 0.398144 0.430533
-0.03724 0.406598 0.437918

-0.015711 0.397809 0.380518
-0.012846 0.398144 0.430533
-0.03465 0.410129 0.391178

0.032401 0.372688 0.348859
0.009812 0.381998 0.367894
0.019446 0.349517 0.36268

0.032401 0.372688 0.348859
0.015987 0.397336 0.381229
0.009812 0.381998 0.367894

0.015987 0.397336 0.381229
-0.001918 0.391492 0.409865
0.009812 0.381998 0.367894

-0.001918 0.391492 0.409865
-0.008133 0.382854 0.370006
0.009812 0.381998 0.367894

0.009812 0.381998 0.367894
-0.008133 0.382854 0.370006
-0.023249 0.28682 0.365496

0.009812 0.381998 0.367894
0.000927 0.265063 0.371465
0.019446 0.349517 0.36268

-0.023249 0.28682 0.365496
0.000927 0.265063 0.371465
0.009812 0.381998 0.367894

0.000927 0.265063 0.371465
0.028654 0.22533 0.354595
0.019446 0.349517 0.36268

0.04331 0.147216 0.268722
0.060947 0.141259 0.191786
0.048642 0.224889 0.311756

0.060947 0.141259 0.191786
0.061899 0.180781 0.195127
0.048642 0.224889 0.311756

0.044996 0.254102 0.292615
0.043573 0.287829 0.339081
0.048642 0.224889 0.311756

0.061899 0.180781 0.195127
0.044996 0.254102 0.292615
0.048642 0.224889 0.311756

0.044996 0.254102 0.292615
0.040081 0.38158 0.320644
0.043573 0.287829 0.339081

0.032401 0.372688 0.348859
0.043573 0.287829 0.339081
0.040081 0.38158 0.320644

0.019446 0.349517 0.36268
0.043573 0.287829 0.339081
0.032401 0.372688 0.348859

0.028654 0.22533 0.354595
0.048642 0.224889 0.311756
0.043573 0.287829 0.339081

0.028654 0.22533 0.354595
0.04331 0.147216 0.268722
0.048642 0.224889 0.311756

0.028654 0.22533 0.354595
0.043573 0.287829 0.339081
0.019446 0.349517 0.36268

-0.008339 0.239437 0.231902
-0.046319 0.213975 0.201629
-0.048767 0.217572 0.24203

-0.000212 0.235964 0.209776
-0.046319 0.213975 0.201629
-0.008339 0.239437 0.231902

0.09879 0.229394 0.121381
0.057959 0.282325 0.106903
0.031587 0.292341 0.136602

0.09879 0.229394 0.121381
0.081166 0.265111 0.070662
0.057959 0.282325 0.106903

0.031587 0.292341 0.136602
0.057959 0.282325 0.106903
0.032943 0.334836 0.070167

0.057959 0.282325 0.106903
0.081166 0.265111 0.070662
0.032943 0.334836 0.070167

0.002821 0.333483 0.103939
0.031587 0.292341 0.136602
0.032943 0.334836 0.070167

0.031587 0.292341 0.136602
0.052522 0.213829 0.191343
0.095305 0.197626 0.159293

0.031587 0.292341 0.136602
0.095305 0.197626 0.159293
0.09879 0.229394 0.121381

-0.000212 0.235964 0.209776
0.001664 0.247544 0.183145
-0.01853 0.248645 0.176316

-0.046319 0.213975 0.201629
-0.000212 0.235964 0.209776
-0.01853 0.248645 0.176316

0.052522 0.213829 0.191343
0.001664 0.247544 0.183145
-0.000212 0.235964 0.209776

0.052522 0.213829 0.191343
0.031587 0.292341 0.136602
0.001664 0.247544 0.183145

0.031587 0.292341 0.136602
0.002821 0.333483 0.103939
0.001664 0.247544 0.183145

-0.024353 0.322013 0.108648
0.001664 0.247544 0.183145
0.002821 0.333483 0.103939

-0.110338 0.150269 0.125552
-0.09731 0.08014 0.115725
-0.091654 0.091942 0.151661

-0.131308 0.101098 0.083349
-0.09731 0.08014 0.115725
-0.110338 0.150269 0.125552

-0.119358 0.196085 0.091414
-0.131308 0.101098 0.083349
-0.110338 0.150269 0.125552

-0.131308 0.101098 0.083349
-0.103484 0.02989 0.070478
-0.09731 0.08014 0.115725

-0.081906 0.0258 0.10693
-0.09731 0.08014 0.115725
-0.103484 0.02989 0.070478

-0.091654 0.091942 0.151661
-0.09731 0.08014 0.115725
-0.081906 0.0258 0.10693

-0.095857 0.174214 0.168112
-0.119358 0.196085 0.091414
-0.110338 0.150269 0.125552

-0.089521 0.145712 0.173018
-0.095857 0.174214 0.168112
-0.091654 0.091942 0.151661

-0.095857 0.174214 0.168112
-0.110338 0.150269 0.125552
-0.091654 0.091942 0.151661

-0.089521 0.145712 0.173018
-0.091654 0.091942 0.151661
-0.053357 0.118272 0.185082

-0.063331 0.155537 0.192009
-0.095857 0.174214 0.168112
-0.089521 0.145712 0.173018

-0.053357 0.118272 0.185082
-0.063331 0.155537 0.192009
-0.089521 0.145712 0.173018

-0.057643 0.209339 0.18954
-0.063331 0.155537 0.192009
-0.060232 0.182121 0.197042

-0.095857 0.174214 0.168112
-0.063331 0.155537 0.192009
-0.057643 0.209339 0.18954

-0.060232 0.182121 0.197042
-0.063331 0.155537 0.192009
-0.048767 0.217572 0.24203

-0.057643 0.209339 0.18954
-0.060232 0.182121 0.197042
-0.046319 0.213975 0.201629

-0.057643 0.209339 0.18954
-0.046319 0.213975 0.201629
-0.01853 0.248645 0.176316

-0.046319 0.213975 0.201629
-0.060232 0.182121 0.197042
-0.048767 0.217572 0.24203

-0.095857 0.174214 0.168112
-0.057643 0.209339 0.18954
-0.085145 0.217225 0.156296

-0.085145 0.217225 0.156296
-0.057643 0.209339 0.18954
-0.054095 0.250195 0.159452

-0.057643 0.209339 0.18954
-0.01853 0.248645 0.176316
-0.054095 0.250195 0.159452

-0.054095 0.250195 0.159452
-0.01853 0.248645 0.176316
0.001664 0.247544 0.183145

-0.054095 0.250195 0.159452
0.001664 0.247544 0.183145
-0.024353 0.322013 0.108648

0.025246 -0.10175 -0.415908
0.023661 -0.128607 -0.461756
0.01916 -0.163388 -0.447538

0.015498 -0.190198 -0.483057
0.01916 -0.163388 -0.447538
0.023661 -0.128607 -0.461756

0.000621 -0.199434 -0.461623
0.01916 -0.163388 -0.447538
0.015498 -0.190198 -0.483057

0.014848 -0.20286 -0.44265
0.01916 -0.163388 -0.447538
0.000621 -0.199434 -0.461623

0.01916 -0.163388 -0.447538
0.031101 -0.172741 -0.430742
0.025246 -0.10175 -0.415908

0.031101 -0.172741 -0.430742
0.01916 -0.163388 -0.447538
0.014848 -0.20286 -0.44265

0.025246 -0.10175 -0.415908
0.031101 -0.172741 -0.430742
0.040403 -0.129802 -0.400964

0.024871 -0.073005 -0.438567
0.025246 -0.10175 -0.415908
0.012109 -0.01087 -0.387

0.024871 -0.073005 -0.438567
0.023661 -0.128607 -0.461756
0.025246 -0.10175 -0.415908

0.012109 -0.01087 -0.387
0.025246 -0.10175 -0.415908
0.042633 -0.031846 -0.337235

0.025246 -0.10175 -0.415908
0.040403 -0.129802 -0.400964
0.042633 -0.031846 -0.337235

-0.099626 -0.008411 -0.386912
-0.117669 0.002257 -0.344358
-0.117761 0.079654 -0.355417

-0.132045 0.129227 -0.293391
-0.121472 0.145287 -0.350502
-0.117761 0.079654 -0.355417

-0.132045 0.129227 -0.293391
-0.117761 0.079654 -0.355417
-0.117669 0.002257 -0.344358

-0.132045 0.129227 -0.293391
-0.130381 0.188129 -0.286636
-0.121472 0.145287 -0.350502

-0.130381 0.188129 -0.286636
-0.111484 0.20841 -0.334764
-0.121472 0.145287 -0.350502

-0.117761 0.079654 -0.355417
-0.121472 0.145287 -0.350502
-0.099626 -0.008411 -0.386912

-0.111484 0.20841 -0.334764
-0.103724 0.141168 -0.379594
-0.121472 0.145287 -0.350502

-0.099626 -0.008411 -0.386912
-0.121472 0.145287 -0.350502
-0.103724 0.141168 -0.379594

-0.041245 -0.147762 -0.41482
-0.043303 -0.026681 -0.333636
-0.057834 -0.029055 -0.319775

-0.041245 -0.147762 -0.41482
-0.057834 -0.029055 -0.319775
-0.078229 -0.018605 -0.304744

-0.043303 -0.026681 -0.333636
-0.034116 -0.075853 -0.380085
-0.01917 -0.020016 -0.375003

-0.034116 -0.075853 -0.380085
-0.023315 -0.094953 -0.422818
-0.01917 -0.020016 -0.375003

-0.034116 -0.075853 -0.380085
-0.043303 -0.026681 -0.333636
-0.041245 -0.147762 -0.41482

-0.034116 -0.075853 -0.380085
-0.041245 -0.147762 -0.41482
-0.025363 -0.164132 -0.435123

-0.025363 -0.164132 -0.435123
-0.023315 -0.094953 -0.422818
-0.034116 -0.075853 -0.380085

0.034349 0.041456 -0.22093
0.073247 0.038206 -0.194283
0.027505 0.016985 -0.186803

0.027505 0.016985 -0.186803
0.073247 0.038206 -0.194283
0.023726 -0.001862 -0.13293

0.027505 0.016985 -0.186803
0.023726 -0.001862 -0.13293
-0.0228 0.002888 -0.155285

-0.098433 0.230808 0.119458
-0.107354 0.226686 0.092038
-0.119358 0.196085 0.091414

-0.081768 0.264451 0.071347
-0.107354 0.226686 0.092038
-0.098433 0.230808 0.119458

-0.119358 0.196085 0.091414
-0.107354 0.226686 0.092038
-0.081768 0.264451 0.071347

-0.095857 0.174214 0.168112
-0.098433 0.230808 0.119458
-0.119358 0.196085 0.091414

-0.095857 0.174214 0.168112
-0.085145 0.217225 0.156296
-0.098433 0.230808 0.119458

-0.054095 0.250195 0.159452
-0.098433 0.230808 0.119458
-0.085145 0.217225 0.156296

-0.024353 0.322013 0.108648
-0.098433 0.230808 0.119458
-0.054095 0.250195 0.159452

-0.081768 0.264451 0.071347
-0.098433 0.230808 0.119458
-0.024353 0.322013 0.108648

0.014056 0.111734 -0.339234
0.017054 0.078715 -0.351823
0.044753 0.101852 -0.279842

0.014056 0.111734 -0.339234
0.002868 0.12685 -0.378058
0.017054 0.078715 -0.351823

0.012109 -0.01087 -0.387
0.017054 0.078715 -0.351823
0.002868 0.12685 -0.378058

-0.12319 0.056182 -0.108079
-0.105623 0.066375 -0.190256
-0.083773 0.025663 -0.147786

-0.0228 0.002888 -0.155285
-0.051558 0.003135 -0.106365
-0.083773 0.025663 -0.147786

-0.034075 -0.000901 -0.06785
-0.051558 0.003135 -0.106365
-0.0228 0.002888 -0.155285

-0.083773 0.025663 -0.147786
-0.051558 0.003135 -0.106365
-0.086154 0.015235 -0.080169

-0.086154 0.015235 -0.080169
-0.12319 0.056182 -0.108079
-0.083773 0.025663 -0.147786

-0.034075 -0.000901 -0.06785
-0.086154 0.015235 -0.080169
-0.051558 0.003135 -0.106365

-0.067849 0.03656 -0.195956
-0.083773 0.025663 -0.147786
-0.105623 0.066375 -0.190256

0.034349 0.041456 -0.22093
-0.039711 0.038075 -0.213929
-0.004869 0.09997 -0.287495

-0.039711 0.038075 -0.213929
0.034349 0.041456 -0.22093
0.027505 0.016985 -0.186803

-0.0228 0.002888 -0.155285
-0.067849 0.03656 -0.195956
-0.039711 0.038075 -0.213929

-0.083773 0.025663 -0.147786
-0.067849 0.03656 -0.195956
-0.0228 0.002888 -0.155285

-0.039711 0.038075 -0.213929
0.027505 0.016985 -0.186803
-0.0228 0.002888 -0.155285

-0.057164 0.062551 -0.274882
-0.057834 -0.029055 -0.319775
-0.040701 0.056533 -0.30709

-0.078229 -0.018605 -0.304744
-0.057164 0.062551 -0.274882
-0.08694 0.048668 -0.267218

-0.057834 -0.029055 -0.319775
-0.057164 0.062551 -0.274882
-0.078229 -0.018605 -0.304744

-0.040701 0.056533 -0.30709
-0.057834 -0.029055 -0.319775
-0.043303 -0.026681 -0.333636

-0.043303 -0.026681 -0.333636
-0.01917 -0.020016 -0.375003
-0.040701 0.056533 -0.30709

0.065697 -0.028504 -0.314875
0.082478 -0.020052 -0.307393
0.075724 0.049575 -0.268853

0.107396 -0.012101 -0.319277
0.082478 -0.020052 -0.307393
0.067478 -0.105615 -0.387575

0.107396 -0.012101 -0.319277
0.100654 0.040351 -0.274579
0.082478 -0.020052 -0.307393

0.082478 -0.020052 -0.307393
0.100654 0.040351 -0.274579
0.075724 0.049575 -0.268853

0.040403 -0.129802 -0.400964
0.082478 -0.020052 -0.307393
0.065697 -0.028504 -0.314875

0.040403 -0.129802 -0.400964
0.067478 -0.105615 -0.387575
0.082478 -0.020052 -0.307393

0.040403 -0.129802 -0.400964
0.065697 -0.028504 -0.314875
0.042633 -0.031846 -0.337235

0.049029 0.016574 -0.307242
0.075724 0.049575 -0.268853
0.05036 0.056899 -0.285357

0.049029 0.016574 -0.307242
0.05036 0.056899 -0.285357
0.017054 0.078715 -0.351823

0.017054 0.078715 -0.351823
0.05036 0.056899 -0.285357
0.044753 0.101852 -0.279842

0.012109 -0.01087 -0.387
0.049029 0.016574 -0.307242
0.017054 0.078715 -0.351823

0.012109 -0.01087 -0.387
0.042633 -0.031846 -0.337235
0.049029 0.016574 -0.307242

0.042633 -0.031846 -0.337235
0.065697 -0.028504 -0.314875
0.049029 0.016574 -0.307242

0.065697 -0.028504 -0.314875
0.075724 0.049575 -0.268853
0.049029 0.016574 -0.307242

0.000687 0.185798 -0.440814
0.010787 0.165257 -0.43657
0.005319 0.123299 -0.457414

0.005319 0.123299 -0.457414
0.010787 0.165257 -0.43657
0.007428 0.110463 -0.449115

0.010787 0.165257 -0.43657
-0.003441 0.153281 -0.43764
0.007428 0.110463 -0.449115

-0.002804 -0.015562 -0.449318
-0.007829 0.024748 -0.44188
0.000194 0.043209 -0.449718

0.005319 0.123299 -0.457414
0.007428 0.110463 -0.449115
0.000194 0.043209 -0.449718

-0.002804 -0.015562 -0.449318
0.000194 0.043209 -0.449718
0.010112 0.01592 -0.443068

-0.007829 0.024748 -0.44188
-0.002804 -0.015562 -0.449318
0.010112 0.01592 -0.443068

0.000194 0.043209 -0.449718
0.007428 0.110463 -0.449115
0.010112 0.01592 -0.443068

-0.007829 0.024748 -0.44188
0.010112 0.01592 -0.443068
-0.004202 0.100868 -0.447513

0.007428 0.110463 -0.449115
-0.004202 0.100868 -0.447513
0.010112 0.01592 -0.443068

-0.003441 0.153281 -0.43764
-0.004202 0.100868 -0.447513
0.007428 0.110463 -0.449115

0.005319 0.123299 -0.457414
-0.008032 0.120054 -0.454316
0.000687 0.185798 -0.440814

0.000194 0.043209 -0.449718
-0.008032 0.120054 -0.454316
0.005319 0.123299 -0.457414

-0.004202 0.100868 -0.447513
-0.008032 0.120054 -0.454316
-0.007829 0.024748 -0.44188

-0.003441 0.153281 -0.43764
-0.008032 0.120054 -0.454316
-0.004202 0.100868 -0.447513

0.000194 0.043209 -0.449718
-0.007829 0.024748 -0.44188
-0.008032 0.120054 -0.454316

-0.073029 0.116174 -0.407818
-0.060691 0.218972 -0.381204
-0.038075 0.149752 -0.417773

-0.073029 0.116174 -0.407818
-0.103724 0.141168 -0.379594
-0.060691 0.218972 -0.381204

-0.038075 0.149752 -0.417773
-0.061489 0.026928 -0.41526
-0.073029 0.116174 -0.407818

-0.103724 0.141168 -0.379594
-0.073029 0.116174 -0.407818
-0.061489 0.026928 -0.41526

-0.023286 0.104304 -0.415128
-0.061489 0.026928 -0.41526
-0.038075 0.149752 -0.417773

-0.003441 0.153281 -0.43764
-0.014393 0.188308 -0.421721
-0.008032 0.120054 -0.454316

-0.014393 0.188308 -0.421721
-0.003441 0.153281 -0.43764
-0.000173 0.192105 -0.405276

-0.019883 0.193671 -0.411533
-0.014393 0.188308 -0.421721
-0.000173 0.192105 -0.405276

-0.038075 0.149752 -0.417773
-0.019883 0.193671 -0.411533
-0.023286 0.104304 -0.415128

-0.038075 0.149752 -0.417773
-0.060691 0.218972 -0.381204
-0.019883 0.193671 -0.411533

-0.014393 0.188308 -0.421721
-0.019883 0.193671 -0.411533
0.000687 0.185798 -0.440814

-0.008032 0.120054 -0.454316
-0.014393 0.188308 -0.421721
0.000687 0.185798 -0.440814

-0.060691 0.218972 -0.381204
0.000687 0.185798 -0.440814
-0.019883 0.193671 -0.411533

0.015553 0.192607 -0.409509
-0.000173 0.192105 -0.405276
0.018964 0.195911 -0.412923

0.015553 0.192607 -0.409509
0.057849 0.133657 -0.412838
0.028398 0.140068 -0.419655

0.018964 0.195911 -0.412923
-0.000173 0.192105 -0.405276
-0.003441 0.153281 -0.43764

0.010787 0.165257 -0.43657
0.018964 0.195911 -0.412923
-0.003441 0.153281 -0.43764

0.000687 0.185798 -0.440814
0.018964 0.195911 -0.412923
0.010787 0.165257 -0.43657

0.00118 0.250329 -0.383665
0.018964 0.195911 -0.412923
0.000687 0.185798 -0.440814

0.015553 0.192607 -0.409509
0.018964 0.195911 -0.412923
0.058647 0.216323 -0.384296

0.058647 0.216323 -0.384296
0.057849 0.133657 -0.412838
0.015553 0.192607 -0.409509

0.058647 0.216323 -0.384296
0.018964 0.195911 -0.412923
0.00118 0.250329 -0.383665

0.004433 0.156108 -0.399558
0.002868 0.12685 -0.378058
-0.000682 0.160644 -0.395067

-0.003372 0.13525 -0.388882
-0.023286 0.104304 -0.415128
-0.000682 0.160644 -0.395067

-0.019883 0.193671 -0.411533
-0.000682 0.160644 -0.395067
-0.023286 0.104304 -0.415128

-0.000682 0.160644 -0.395067
-0.019883 0.193671 -0.411533
-0.000173 0.192105 -0.405276

-0.000173 0.192105 -0.405276
0.004433 0.156108 -0.399558
-0.000682 0.160644 -0.395067

0.004433 0.156108 -0.399558
-0.000173 0.192105 -0.405276
0.015553 0.192607 -0.409509

0.028398 0.140068 -0.419655
0.004433 0.156108 -0.399558
0.015553 0.192607 -0.409509

0.017842 0.044027 -0.40405
0.004433 0.156108 -0.399558
0.028398 0.140068 -0.419655

0.017842 0.044027 -0.40405
0.002868 0.12685 -0.378058
0.004433 0.156108 -0.399558

0.000162 0.126222 -0.358915
-0.003372 0.13525 -0.388882
-0.000682 0.160644 -0.395067

-0.000682 0.160644 -0.395067
0.002868 0.12685 -0.378058
0.000162 0.126222 -0.358915

0.002868 0.12685 -0.378058
0.014056 0.111734 -0.339234
0.000162 0.126222 -0.358915

0.014056 0.111734 -0.339234
-7.8e-05 0.118671 -0.328235
0.000162 0.126222 -0.358915

0.044753 0.101852 -0.279842
-7.8e-05 0.118671 -0.328235
0.014056 0.111734 -0.339234

-0.061095 -0.3353 -0.450011
-0.089824 -0.429697 -0.437183
-0.095423 -0.428965 -0.417781

-0.095311 -0.457061 -0.401088
-0.095423 -0.428965 -0.417781
-0.089824 -0.429697 -0.437183

-0.095311 -0.457061 -0.401088
-0.089824 -0.429697 -0.437183
-0.088197 -0.451789 -0.419143

-0.095311 -0.457061 -0.401088
-0.071519 -0.450888 -0.388581
-0.095423 -0.428965 -0.417781

-0.034095 -0.350885 -0.432827
-0.055761 -0.371456 -0.423696
-0.039145 -0.426553 -0.397238

-0.034095 -0.350885 -0.432827
-0.011377 -0.24568 -0.466058
-0.024179 -0.239006 -0.443192

-0.034095 -0.350885 -0.432827
-0.044087 -0.276124 -0.442601
-0.055761 -0.371456 -0.423696

-0.034095 -0.350885 -0.432827
-0.024179 -0.239006 -0.443192
-0.044087 -0.276124 -0.442601

-0.055761 -0.371456 -0.423696
-0.044087 -0.276124 -0.442601
-0.061095 -0.3353 -0.450011

-0.095423 -0.428965 -0.417781
-0.055761 -0.371456 -0.423696
-0.061095 -0.3353 -0.450011

-0.095423 -0.428965 -0.417781
-0.071519 -0.450888 -0.388581
-0.055761 -0.371456 -0.423696

-0.055761 -0.371456 -0.423696
-0.071519 -0.450888 -0.388581
-0.039145 -0.426553 -0.397238

-0.050124 -0.440484 -0.441437
-0.057949 -0.453786 -0.426765
-0.070036 -0.438955 -0.444961

-0.057949 -0.453786 -0.426765
-0.050124 -0.440484 -0.441437
-0.031851 -0.435263 -0.41907

-0.070036 -0.438955 -0.444961
-0.057949 -0.453786 -0.426765
-0.088197 -0.451789 -0.419143

-0.089824 -0.429697 -0.437183
-0.070036 -0.438955 -0.444961
-0.088197 -0.451789 -0.419143

-0.011377 -0.24568 -0.466058
-0.034095 -0.350885 -0.432827
-0.025032 -0.323666 -0.451194

-0.025032 -0.323666 -0.451194
-0.034095 -0.350885 -0.432827
-0.039145 -0.426553 -0.397238

-0.031851 -0.435263 -0.41907
-0.030073 -0.314643 -0.465323
-0.025032 -0.323666 -0.451194

-0.031851 -0.435263 -0.41907
-0.050124 -0.440484 -0.441437
-0.030073 -0.314643 -0.465323

-0.025032 -0.323666 -0.451194
-0.039145 -0.426553 -0.397238
-0.031851 -0.435263 -0.41907

-0.014807 -0.193232 -0.483258
-0.010261 -0.228799 -0.492686
-0.010009 -0.189642 -0.493014

-0.010261 -0.228799 -0.492686
-0.014807 -0.193232 -0.483258
-0.011377 -0.24568 -0.466058

-0.025032 -0.323666 -0.451194
-0.010261 -0.228799 -0.492686
-0.011377 -0.24568 -0.466058

-0.030073 -0.314643 -0.465323
-0.010261 -0.228799 -0.492686
-0.025032 -0.323666 -0.451194

-0.051797 -0.24675 -0.457254
-0.046122 -0.272342 -0.469477
-0.061095 -0.3353 -0.450011

-0.044087 -0.276124 -0.442601
-0.051797 -0.24675 -0.457254
-0.061095 -0.3353 -0.450011

-0.044087 -0.276124 -0.442601
-0.036344 -0.188842 -0.436397
-0.051797 -0.24675 -0.457254

-0.051797 -0.24675 -0.457254
-0.036344 -0.188842 -0.436397
-0.050229 -0.169703 -0.435132

-0.05881 -0.202045 -0.469162
-0.046122 -0.272342 -0.469477
-0.051797 -0.24675 -0.457254

-0.050229 -0.169703 -0.435132
-0.05881 -0.202045 -0.469162
-0.051797 -0.24675 -0.457254

-0.029716 -0.245083 -0.488955
-0.030073 -0.314643 -0.465323
-0.043031 -0.313318 -0.467251

-0.043031 -0.313318 -0.467251
-0.030073 -0.314643 -0.465323
-0.050124 -0.440484 -0.441437

-0.043031 -0.313318 -0.467251
-0.050124 -0.440484 -0.441437
-0.070036 -0.438955 -0.444961

-0.043031 -0.313318 -0.467251
-0.070036 -0.438955 -0.444961
-0.089824 -0.429697 -0.437183

-0.061095 -0.3353 -0.450011
-0.043031 -0.313318 -0.467251
-0.089824 -0.429697 -0.437183

-0.046122 -0.272342 -0.469477
-0.043031 -0.313318 -0.467251
-0.061095 -0.3353 -0.450011

-0.043031 -0.313318 -0.467251
-0.046122 -0.272342 -0.469477
-0.029716 -0.245083 -0.488955

-0.029716 -0.245083 -0.488955
-0.046122 -0.272342 -0.469477
-0.05881 -0.202045 -0.469162

-0.036412 -0.193413 -0.487065
-0.029716 -0.245083 -0.488955
-0.05881 -0.202045 -0.469162

-0.029716 -0.245083 -0.488955
-0.010261 -0.228799 -0.492686
-0.030073 -0.314643 -0.465323

-0.02636 -0.191125 -0.500005
-0.028095 -0.208945 -0.500096
-0.036412 -0.193413 -0.487065

-0.02636 -0.191125 -0.500005
-0.010261 -0.228799 -0.492686
-0.028095 -0.208945 -0.500096

-0.02636 -0.191125 -0.500005
-0.036412 -0.193413 -0.487065
-0.039219 -0.143117 -0.468763

-0.010009 -0.189642 -0.493014
-0.010261 -0.228799 -0.492686
-0.02636 -0.191125 -0.500005

-0.028095 -0.208945 -0.500096
-0.010261 -0.228799 -0.492686
-0.029716 -0.245083 -0.488955

-0.036412 -0.193413 -0.487065
-0.028095 -0.208945 -0.500096
-0.029716 -0.245083 -0.488955

-0.025363 -0.164132 -0.435123
-0.024179 -0.239006 -0.443192
-0.006796 -0.204006 -0.449703

-0.011377 -0.24568 -0.466058
-0.006796 -0.204006 -0.449703
-0.024179 -0.239006 -0.443192

-0.001488 -0.206071 -0.464417
-0.006796 -0.204006 -0.449703
-0.011377 -0.24568 -0.466058

-0.011377 -0.24568 -0.466058
-0.014807 -0.193232 -0.483258
-0.001488 -0.206071 -0.464417

-0.018358 -0.153124 -0.450583
-0.025363 -0.164132 -0.435123
-0.007957 -0.182416 -0.462112

-0.025363 -0.164132 -0.435123
-0.018358 -0.153124 -0.450583
-0.023315 -0.094953 -0.422818

-0.007957 -0.182416 -0.462112
-0.025363 -0.164132 -0.435123
-0.006796 -0.204006 -0.449703

-0.007957 -0.182416 -0.462112
-0.006796 -0.204006 -0.449703
-0.001488 -0.206071 -0.464417

-0.014807 -0.193232 -0.483258
-0.018358 -0.153124 -0.450583
-0.007957 -0.182416 -0.462112

-0.001488 -0.206071 -0.464417
-0.014807 -0.193232 -0.483258
-0.007957 -0.182416 -0.462112

-0.02158 -0.148661 -0.466161
-0.010009 -0.189642 -0.493014
-0.026136 -0.134361 -0.465104

-0.026136 -0.134361 -0.465104
-0.010009 -0.189642 -0.493014
-0.02636 -0.191125 -0.500005

-0.039219 -0.143117 -0.468763
-0.026136 -0.134361 -0.465104
-0.02636 -0.191125 -0.500005

-0.059786 -0.041097 -0.428501
-0.026136 -0.134361 -0.465104
-0.039219 -0.143117 -0.468763

-0.059786 -0.041097 -0.428501
-0.032293 0.009235 -0.417353
-0.026136 -0.134361 -0.465104

-0.02158 -0.148661 -0.466161
-0.023315 -0.094953 -0.422818
-0.018358 -0.153124 -0.450583

-0.018358 -0.153124 -0.450583
-0.014807 -0.193232 -0.483258
-0.02158 -0.148661 -0.466161

-0.014807 -0.193232 -0.483258
-0.010009 -0.189642 -0.493014
-0.02158 -0.148661 -0.466161

-0.012948 -0.020939 -0.411427
-0.022748 -0.072818 -0.429613
-0.027122 -0.074833 -0.438942

-0.027122 -0.074833 -0.438942
-0.022748 -0.072818 -0.429613
-0.023315 -0.094953 -0.422818

-0.027122 -0.074833 -0.438942
-0.023315 -0.094953 -0.422818
-0.02158 -0.148661 -0.466161

-0.02158 -0.148661 -0.466161
-0.026136 -0.134361 -0.465104
-0.027122 -0.074833 -0.438942

-0.027122 -0.074833 -0.438942
-0.026136 -0.134361 -0.465104
-0.032293 0.009235 -0.417353

-0.027122 -0.074833 -0.438942
-0.032293 0.009235 -0.417353
-0.014564 0.030169 -0.403737

-0.027122 -0.074833 -0.438942
-0.014564 0.030169 -0.403737
-0.012948 -0.020939 -0.411427

-0.014564 0.030169 -0.403737
-0.00866 0.028058 -0.392891
-0.012948 -0.020939 -0.411427

-0.003372 0.13525 -0.388882
-0.00866 0.028058 -0.392891
-0.014564 0.030169 -0.403737

-0.012153 -0.020233 -0.395705
-0.01917 -0.020016 -0.375003
-0.023315 -0.094953 -0.422818

-0.022748 -0.072818 -0.429613
-0.012153 -0.020233 -0.395705
-0.023315 -0.094953 -0.422818

-0.00866 0.028058 -0.392891
-0.012153 -0.020233 -0.395705
-0.012948 -0.020939 -0.411427

-0.012948 -0.020939 -0.411427
-0.012153 -0.020233 -0.395705
-0.022748 -0.072818 -0.429613

0.075724 0.049575 -0.268853
0.069856 0.093517 -0.25835
0.059298 0.094959 -0.265067

0.034349 0.041456 -0.22093
0.059298 0.094959 -0.265067
0.069856 0.093517 -0.25835

0.075724 0.049575 -0.268853
0.091278 0.093995 -0.255355
0.069856 0.093517 -0.25835

0.091278 0.093995 -0.255355
0.087904 0.09934 -0.244804
0.069856 0.093517 -0.25835

0.069856 0.093517 -0.25835
0.087904 0.09934 -0.244804
0.073247 0.038206 -0.194283

0.073247 0.038206 -0.194283
0.034349 0.041456 -0.22093
0.069856 0.093517 -0.25835

0.034349 0.041456 -0.22093
-0.004869 0.09997 -0.287495
0.059298 0.094959 -0.265067

0.059298 0.094959 -0.265067
0.044753 0.101852 -0.279842
0.05036 0.056899 -0.285357

0.05036 0.056899 -0.285357
0.075724 0.049575 -0.268853
0.059298 0.094959 -0.265067

0.00259 0.112109 -0.304107
-0.020034 0.109938 -0.29872
-7.8e-05 0.118671 -0.328235

0.044753 0.101852 -0.279842
0.00259 0.112109 -0.304107
-7.8e-05 0.118671 -0.328235

0.044753 0.101852 -0.279842
0.059298 0.094959 -0.265067
0.00259 0.112109 -0.304107

-0.004869 0.09997 -0.287495
-0.020034 0.109938 -0.29872
0.00259 0.112109 -0.304107

-0.004869 0.09997 -0.287495
0.00259 0.112109 -0.304107
0.059298 0.094959 -0.265067

-0.069359 0.093255 -0.258141
-0.067849 0.03656 -0.195956
-0.082923 0.096609 -0.247907

-0.08694 0.048668 -0.267218
-0.057164 0.062551 -0.274882
-0.069359 0.093255 -0.258141

-0.067849 0.03656 -0.195956
-0.069359 0.093255 -0.258141
-0.039711 0.038075 -0.213929

-0.082923 0.096609 -0.247907
-0.067849 0.03656 -0.195956
-0.105623 0.066375 -0.190256

-0.082923 0.096609 -0.247907
-0.105623 0.066375 -0.190256
-0.101544 0.122711 -0.228198

-0.102295 0.096745 -0.255288
-0.069359 0.093255 -0.258141
-0.082923 0.096609 -0.247907

-0.069359 0.093255 -0.258141
-0.102295 0.096745 -0.255288
-0.08694 0.048668 -0.267218

-0.101544 0.122711 -0.228198
-0.102295 0.096745 -0.255288
-0.082923 0.096609 -0.247907

-0.05464 0.09605 -0.26808
-0.04699 0.09849 -0.277767
-0.034275 0.106763 -0.293343

-0.034275 0.106763 -0.293343
-0.020034 0.109938 -0.29872
-0.05464 0.09605 -0.26808

-0.004869 0.09997 -0.287495
-0.05464 0.09605 -0.26808
-0.020034 0.109938 -0.29872

-0.039711 0.038075 -0.213929
-0.05464 0.09605 -0.26808
-0.004869 0.09997 -0.287495

-0.069359 0.093255 -0.258141
-0.05464 0.09605 -0.26808
-0.039711 0.038075 -0.213929

-0.057164 0.062551 -0.274882
-0.04699 0.09849 -0.277767
-0.05464 0.09605 -0.26808

-0.040701 0.056533 -0.30709
-0.04699 0.09849 -0.277767
-0.057164 0.062551 -0.274882

-0.069359 0.093255 -0.258141
-0.057164 0.062551 -0.274882
-0.05464 0.09605 -0.26808

-0.018429 0.107918 -0.330578
-0.020034 0.109938 -0.29872
-0.034275 0.106763 -0.293343

-0.034275 0.106763 -0.293343
-0.04699 0.09849 -0.277767
-0.018429 0.107918 -0.330578

-0.010878 0.113982 -0.347577
-0.018429 0.107918 -0.330578
-0.040701 0.056533 -0.30709

-0.018429 0.107918 -0.330578
-0.04699 0.09849 -0.277767
-0.040701 0.056533 -0.30709

-0.010878 0.113982 -0.347577
0.000162 0.126222 -0.358915
-7.8e-05 0.118671 -0.328235

-0.010878 0.113982 -0.347577
-0.020034 0.109938 -0.29872
-0.018429 0.107918 -0.330578

-7.8e-05 0.118671 -0.328235
-0.020034 0.109938 -0.29872
-0.010878 0.113982 -0.347577

-0.007287 0.070305 -0.374984
-0.004051 0.122752 -0.369748
-0.010878 0.113982 -0.347577

-0.010878 0.113982 -0.347577
-0.004051 0.122752 -0.369748
0.000162 0.126222 -0.358915

-0.040701 0.056533 -0.30709
-0.007287 0.070305 -0.374984
-0.010878 0.113982 -0.347577

-0.007287 0.070305 -0.374984
-0.040701 0.056533 -0.30709
-0.01917 -0.020016 -0.375003

-0.012153 -0.020233 -0.395705
-0.007287 0.070305 -0.374984
-0.01917 -0.020016 -0.375003

-0.00866 0.028058 -0.392891
-0.007287 0.070305 -0.374984
-0.012153 -0.020233 -0.395705

-0.003372 0.13525 -0.388882
-0.004051 0.122752 -0.369748
-0.007287 0.070305 -0.374984

0.000162 0.126222 -0.358915
-0.004051 0.122752 -0.369748
-0.003372 0.13525 -0.388882

-0.003372 0.13525 -0.388882
-0.007287 0.070305 -0.374984
-0.00866 0.028058 -0.392891
